 
711525
0.0,0.59999999999999998,0.40000000000000002
0.83333333333333337,0.0,0.16666666666666666
1.88,3.47,4.08
47.3,25.0,27.7
-27,32,22
1.8,0,1.5
0.6666666666666666,0,1.4
0.56000000000000005,0,1.25
0.55555555555555547,0,0.64000000000000001
 
711526
0.5,0.25,0.25
0.5,0.5,0.0
2.04,3.53,3.52
65.5,14.9,19.5
-53,63,47
0.75,0,1.75
0.5,0,1.25
0.1875,0,0.6875
0.25,0,1.1875
 
711527
0.33333333333333331,0.0,0.66666666666666663
0.33333333333333331,0.33333333333333331,0.33333333333333331
2.51,3.27,3.74
30.0,47.8,22.2
100,-42,29
1.3333333333333333,0,1.6666666666666667
2.3333333333333335,0,0.6666666666666666
1.5555555555555556,0,1.5555555555555556
1.5555555555555554,0,0.22222222222222224
 
711528
0.33333333333333331,0.33333333333333331,0.33333333333333331
0.5,0.0,0.5
1.87,3.21,4.22
11.9,25.6,62.4
100,4,-128
1.6666666666666667,0,0.5
0.5,0,1.6666666666666667
0.22222222222222221,0,0.25
0.25,0,0.22222222222222221
 
711529
0.0,0.40000000000000002,0.59999999999999998
0.33333333333333331,0.33333333333333331,0.33333333333333331
2.0,3.44,3.64
47.6,31.4,21.0
100,16,100
1.4,0,1.6666666666666667
1.3333333333333333,0,0.4
0.23999999999999999,0,0.88888888888888895
0.22222222222222221,0,0.24000000000000005
 
711530
0.5,0.0,0.5
0.5,0.5,0.0
2.62,3.11,2.63
30.7,48.4,20.9
100,-48,35
0.5,0,0.5
0.0,0,0.5
0.25,0,0.25
0.0,0,0.25
 
711531
1.0,0.0,0.0
1.0,0.0,0.0
3.02,3.34,2.33
26.0,28.4,45.6
23,16,-35
1.5,0,1.0
0.0,0,3.0
0.25,0,0.0
0.0,0,0.0
 
711532
1.0,0.0,0.0
0.20000000000000001,0.20000000000000001,0.59999999999999998
3.99,3.35,1.88
46.2,33.5,20.2
-59,-15,32
0.0,0,1.0
1.6,0,1.5
0.0,0,1.2
0.23999999999999999,0,0.25
 
711533
0.0,0.0,1.0
0.0,1.0,0.0
2.52,3.23,2.78
55.6,13.5,30.8
100,61,10
1.0,0,1.0
1.0,0,0.0
0.0,0,1.0
1.0,0,0.0
 
715372
0.5,0.0,0.5
0.0,0.0,1.0
2.71,2.99,2.6
45.8,21.9,32.4
100,35,7
1.5,0,1.0
2.0,0,1.25
1.25,0,0.0
0.0,0,0.6875
 
715370
0.33333333333333331,0.0,0.66666666666666663
0.25,0.25,0.5
2.38,3.16,2.84
37.2,39.2,23.6
100,-23,31
1.6666666666666667,0,1.25
1.5,0,1.3333333333333333
1.5555555555555556,0,1.6875
1.25,0,0.22222222222222221
 
715369
0.66666666666666663,0.0,0.33333333333333331
0.59999999999999998,0.40000000000000002,0.0
2.07,3.17,3.46
43.1,33.1,23.8
-25,6,33
0.6666666666666666,0,2.2
1.0,0,1.0
0.88888888888888895,0,1.3599999999999999
0.40000000000000002,0,0.0
 
715367
0.5,0.0,0.5
0.14285714285714285,0.0,0.8571428571428571
4.72,3.87,1.62
17.9,16.9,65.3
61,63,-45
2.0,0,0.42857142857142855
3.0,0,2.0
4.0,0,1.1020408163265307
2.5714285714285716,0,4.0
 
709908
0.0,0.0,1.0
0.0,0.0,1.0
3.12,3.26,2.22
27.4,20.8,51.8
30,45,-58
4.0,0,1.0
2.5,0,1.0
0.0,0,1.0
1.25,0,0.0
 
709912
0.0,0.5,0.5
0.5,0.5,0.0
1.72,3.83,4.3
84.9,8.5,6.6
-63,82,85
3.0,0,1.5
0.5,0,1.0
4.0,0,0.25
0.25,0,0.0
 
665046
0.0,1.0,0.0
0.33333333333333331,0.66666666666666663,0.0
2.8,2.8,2.91
14.6,61.0,24.4
100,-82,30
0.5,0,1.0
0.6666666666666666,0,0.5
0.25,0,0.66666666666666663
0.22222222222222224,0,0.25
 
726452
0.0,0.0,1.0
0.0,0.0,1.0
1.99,3.86,3.52
51.4,20.9,27.7
100,42,100
4.666666666666667,0,1.0
2.0,0,0.6666666666666666
1.5555555555555554,0,0.0
0.0,0,0.22222222222222224
 
720656
0.0,0.33333333333333331,0.66666666666666663
1.0,0.0,0.0
1.49,3.98,6.2
24.4,28.5,47.0
100,4,100
2.0,0,3.0
0.0,0,0.0
2.0,0,0.0
0.0,0,0.0
 
720693
0.090909090909090912,0.090909090909090912,0.81818181818181823
0.5,0.0,0.5
1.21,5.36,13.8
26.6,26.1,47.3
2,7,-65
2.090909090909091,0,2.5
1.0,0,0.36363636363636365
2.4462809917355375,0,2.25
1.0,0,0.41322314049586756
 
727092
1.0,0.0,0.0
0.0,0.0,1.0
4.39,3.15,1.83
28.4,12.9,58.7
26,100,-46
0.0,0,0.0
3.0,0,2.0
0.0,0,0.0
0.0,0,0.0
 
727091
0.0,0.0,1.0
0.0,1.0,0.0
2.87,3.03,2.41
-,-,-
-,-,-
3.0,0,1.0
1.0,0,1.0
0.0,0,0.0
0.0,0,0.0
 
720716
0.0,0.125,0.875
0.0,0.0,1.0
1.97,3.19,3.85
64.9,17.2,17.9
100,57,100
1.875,0,0.0
2.0,0,0.625
0.359375,0,0.0
0.0,0,0.484375
 
720668
0.0,1.0,0.0
0.33333333333333331,0.33333333333333331,0.33333333333333331
2.46,2.9,2.99
38.8,24.5,36.7
-18,28,-8
2.0,0,1.6666666666666667
0.6666666666666666,0,2.0
0.0,0,2.8888888888888888
0.88888888888888895,0,0.0
 
726798
1.0,0.0,0.0
0.5,0.5,0.0
1.97,3.4,3.47
67.9,6.3,25.8
-67,84,39
1.0,0,2.0
1.25,0,2.0
0.0,0,0.5
0.6875,0,0.0
 
721734
0.5,0.0,0.5
0.33333333333333331,0.33333333333333331,0.33333333333333331
2.7,3.4,2.65
47.7,16.2,36.1
-16,54,-31
1.0,0,0.6666666666666666
0.6666666666666666,0,1.0
1.0,0,0.22222222222222224
0.22222222222222224,0,0.0
 
726448
0.14285714285714285,0.2857142857142857,0.5714285714285714
0.0,1.0,0.0
1.79,3.71,4.53
55.3,21.0,23.7
-47,50,44
2.0,0,0.0
0.0,0,0.8571428571428571
2.0,0,0.0
0.0,0,1.2653061224489794
 
720669
0.14285714285714285,0.2857142857142857,0.5714285714285714
1.0,0.0,0.0
1.26,5.05,11.13
34.1,32.2,33.7
-2,4,-
1.4285714285714286,0,2.0
1.0,0,0.8571428571428571
0.81632653061224503,0,0.0
0.0,0,0.97959183673469374
 
720680
0.20000000000000001,0.10000000000000001,0.69999999999999996
1.0,0.0,0.0
1.35,4.43,8.64
32.3,27.4,40.3
-1,16,-29
1.5,0,7.0
0.0,0,0.5
1.05,0,0.0
0.0,0,0.45000000000000001
 
720657
0.0,0.20000000000000001,0.80000000000000004
1.0,0.0,0.0
1.9,3.08,4.31
55.6,20.9,23.5
100,49,100
2.3,0,2.0
0.5,0,0.5
1.6099999999999999,0,1.0
0.25,0,0.25
 
720681
0.5,0.5,0.0
0.5,0.5,0.0
2.87,3.19,2.41
21.5,26.7,51.8
35,20,-48
0.75,0,1.5
0.5,0,1.25
0.6875,0,0.25
0.25,0,1.1875
 
720717
0.2857142857142857,0.14285714285714285,0.5714285714285714
1.0,0.0,0.0
1.16,6.61,15.58
36.4,28.2,35.5
100,17,-2
1.1428571428571428,0,3.0
0.0,0,1.1428571428571428
0.97959183673469374,0,0.0
0.0,0,0.97959183673469385
 
714305
0.33333333333333331,0.0,0.66666666666666663
0.0,0.0,1.0
1.94,3.56,3.57
29.3,11.4,59.4
100,64,-82
2.0,0,1.5
5.0,0,1.0
0.66666666666666663,0,0.25
1.0,0,0.66666666666666663
 
697305
0.0,0.0,1.0
0.75,0.25,0.0
1.52,3.8,6.11
37.6,19.6,42.8
-11,42,-23
2.142857142857143,0,1.5
0.25,0,0.42857142857142855
0.97959183673469374,0,0.75
0.1875,0,0.24489795918367344
 
706865
0.16666666666666666,0.16666666666666666,0.66666666666666663
0.0,0.59999999999999998,0.40000000000000002
2.38,3.22,2.8
26.4,15.1,58.4
100,55,-69
1.6666666666666667,0,1.0
1.4,0,1.1666666666666667
0.22222222222222224,0,0.40000000000000002
0.23999999999999999,0,0.47222222222222215
 
697302
0.33333333333333331,0.33333333333333331,0.33333333333333331
0.40000000000000002,0.40000000000000002,0.20000000000000001
1.99,3.17,3.78
56.6,15.2,28.2
-47,58,23
1.3333333333333333,0,1.6
0.6,0,1.3333333333333333
0.22222222222222221,0,1.8400000000000003
0.6399999999999999,0,0.22222222222222221
 
678921
0.0,1.0,0.0
0.75,0.0,0.25
1.89,3.41,3.95
42.2,30.6,27.3
100,17,24
1.0,0,1.75
0.75,0,1.0
0.0,0,0.6875
0.6875,0,0.0
 
687797
0.5,0.25,0.25
0.5,0.0,0.5
3.96,3.75,1.87
28.7,20.4,50.9
100,43,100
1.25,0,1.0
1.5,0,2.5
0.6875,0,1.0
0.25,0,2.25
 
726735
0.0,0.20000000000000001,0.80000000000000004
1.0,0.0,0.0
1.54,3.65,6.72
28.2,20.6,51.1
100,29,100
2.6,0,2.25
0.25,0,0.6
2.2399999999999998,0,0.1875
0.1875,0,0.6399999999999999
 
665070
1.0,0.0,0.0
0.20000000000000001,0.0,0.80000000000000004
2.48,3.1,3.02
41.7,27.4,30.9
-19,18,5
0.0,0,0.6
1.4,0,1.0
0.0,0,1.4400000000000002
1.04,0,0.0
 
668007
0.0,0.22222222222222221,0.77777777777777779
0.54545454545454541,0.27272727272727271,0.18181818181818182
1.18,7.15,13.11
44.8,17.9,37.3
-8,53,2
2.2222222222222223,0,1.7272727272727273
1.0,0,0.4444444444444444
2.1728395061728398,0,1.471074380165289
1.6363636363636365,0,0.46913580246913583
 
723860
0.0,0.0,1.0
1.0,0.0,0.0
2.39,3.44,2.71
37.5,28.0,34.6
100,16,100
1.0,0,1.0
0.0,0,0.0
0.0,0,0.0
0.0,0,0.0
 
673203
0.0,0.0,1.0
0.83333333333333337,0.0,0.16666666666666666
1.28,6.05,9.32
54.4,19.6,26.0
-16,57,45
2.6666666666666665,0,1.8333333333333333
0.8333333333333334,0,0.3333333333333333
0.22222222222222224,0,0.80555555555555547
0.47222222222222215,0,0.22222222222222224
 
665645
0.5,0.5,0.0
0.80000000000000004,0.0,0.20000000000000001
1.82,3.6,4.0
64.3,12.0,23.7
-56,71,47
1.5,0,2.4
1.2,0,2.0
0.25,0,0.64000000000000001
0.56000000000000005,0,0.0
 
665646
0.083333333333333329,0.083333333333333329,0.83333333333333337
0.5714285714285714,0.14285714285714285,0.2857142857142857
1.38,4.58,7.62
59.0,15.8,25.1
100,66,100
2.0833333333333335,0,1.8571428571428572
0.8571428571428571,0,0.5
1.7430555555555556,0,2.1224489795918369
0.69387755102040816,0,0.25
 
665639
0.0,1.0,0.0
0.33333333333333331,0.0,0.66666666666666663
1.62,3.94,4.85
64.8,17.6,17.6
-46,60,63
1.0,0,1.6666666666666667
2.3333333333333335,0,1.0
0.0,0,0.88888888888888895
2.8888888888888893,0,0.0
 
665647
0.33333333333333331,0.0,0.66666666666666663
1.0,0.0,0.0
2.44,3.3,2.73
25.2,66.8,7.9
100,-112,100
1.3333333333333333,0,3.0
0.0,0,2.0
1.5555555555555556,0,0.0
0.0,0,2.6666666666666665
 
665638
0.5,0.5,0.0
0.0,0.25,0.75
3.12,3.44,2.14
44.2,19.1,36.7
100,43,100
1.5,0,1.25
3.0,0,2.5
0.25,0,0.6875
1.0,0,2.25
 
665644
1.0,0.0,0.0
0.66666666666666663,0.16666666666666666,0.16666666666666666
1.43,4.17,7.2
68.7,12.5,18.8
-37,74,60
1.0,0,2.0
1.5,0,2.0
0.0,0,0.33333333333333331
0.91666666666666663,0,0.0
 
665641
0.0,0.5,0.5
0.40000000000000002,0.20000000000000001,0.40000000000000002
2.05,3.29,3.51
59.6,16.6,23.8
100,55,100
2.0,0,1.6
1.0,0,1.0
1.0,0,2.6399999999999997
0.0,0,0.0
 
665642
0.0,0.40000000000000002,0.59999999999999998
1.0,0.0,0.0
2.25,3.05,3.29
45.3,35.2,19.5
-22,-2,38
1.4,0,2.0
1.0,0,0.2
1.04,0,0.0
0.0,0,0.16000000000000006
 
707743
0.1111111111111111,0.1111111111111111,0.77777777777777779
0.59999999999999998,0.0,0.40000000000000002
1.4,4.38,7.74
34.6,19.0,46.4
-7,44,-41
2.0,0,1.8
0.8,0,0.6666666666666666
2.0,0,2.5600000000000001
0.56000000000000005,0,0.66666666666666663
 
673510
0.0,0.0,1.0
0.83333333333333337,0.0,0.16666666666666666
1.69,3.64,4.78
72.5,19.7,7.9
100,59,100
3.0,0,2.6666666666666665
1.1666666666666667,0,2.0
0.0,0,1.2222222222222223
0.80555555555555547,0,0.0
 
673512
0.0,0.0,1.0
0.59999999999999998,0.0,0.40000000000000002
1.7,3.87,4.35
76.4,11.7,11.9
100,75,100
2.5,0,2.2
2.4,0,1.0
0.25,0,0.95999999999999996
0.64000000000000001,0,1.0
 
727095
0.33333333333333331,0.33333333333333331,0.33333333333333331
0.59999999999999998,0.0,0.40000000000000002
2.64,3.48,2.44
13.9,51.2,34.8
55,-62,-10
1.3333333333333333,0,1.8
1.4,0,1.3333333333333333
0.22222222222222221,0,0.56000000000000005
0.23999999999999999,0,0.22222222222222221
 
666129
0.66666666666666663,0.0,0.33333333333333331
0.59999999999999998,0.20000000000000001,0.20000000000000001
1.94,3.33,3.59
-,-,-
-,-,-
1.0,0,3.0
1.2,0,1.0
0.66666666666666663,0,4.4000000000000004
0.95999999999999996,0,0.66666666666666663
 
663478
0.0,0.0,1.0
0.33333333333333331,0.33333333333333331,0.33333333333333331
2.33,3.09,3.38
47.1,24.9,27.9
-35,30,17
1.6666666666666667,0,1.0
0.6666666666666666,0,0.6666666666666666
0.22222222222222221,0,0.66666666666666663
0.22222222222222224,0,0.22222222222222224
 
663479
0.0,0.33333333333333331,0.66666666666666663
0.66666666666666663,0.33333333333333331,0.0
2.05,3.48,3.64
45.2,24.6,30.2
100,33,100
1.3333333333333333,0,2.3333333333333335
0.6666666666666666,0,0.6666666666666666
0.22222222222222221,0,4.2222222222222223
0.22222222222222224,0,0.22222222222222224
 
663480
0.33333333333333331,0.33333333333333331,0.33333333333333331
0.2857142857142857,0.42857142857142855,0.2857142857142857
2.6,3.01,3.0
36.4,22.7,40.9
-14,33,-18
1.0,0,1.0
1.0,0,1.6666666666666667
0.0,0,0.5714285714285714
0.5714285714285714,0,2.8888888888888888
 
663483
0.5,0.5,0.0
0.66666666666666663,0.0,0.33333333333333331
1.91,3.35,4.37
56.4,22.5,21.1
-49,48,49
0.0,0,2.3333333333333335
1.3333333333333333,0,0.5
0.0,0,0.22222222222222224
1.5555555555555556,0,0.25
 
663484
0.25,0.5,0.25
0.59999999999999998,0.20000000000000001,0.20000000000000001
1.68,3.97,4.9
44.1,20.2,35.7
100,42,1
1.25,0,2.0
0.6,0,0.75
2.6875,0,2.0
0.24000000000000005,0,0.1875
 
668004
0.0,0.0,1.0
0.5,0.0,0.5
2.07,3.27,3.58
18.4,12.6,69.0
100,59,100
5.0,0,1.0
1.5,0,0.0
0.0,0,1.0
2.25,0,0.0
 
668008
0.33333333333333331,0.33333333333333331,0.33333333333333331
0.0,0.0,1.0
3.13,3.54,2.14
27.4,11.3,61.4
100,70,-55
2.3333333333333335,0,0.5
3.0,0,2.3333333333333335
0.22222222222222224,0,0.25
1.0,0,0.22222222222222224
 
715373
0.5,0.0,0.5
0.75,0.0,0.25
2.52,3.38,2.53
34.8,29.0,36.2
-6,11,-2
1.0,0,2.0
1.5,0,1.0
1.0,0,0.5
2.25,0,0.0
 
715374
1.0,0.0,0.0
0.5,0.0,0.5
2.39,3.18,2.8
10.6,71.5,18.0
66,-126,43
0.0,0,1.5
1.5,0,1.0
0.0,0,0.25
0.25,0,0.0
 
711542
1.0,0.0,0.0
0.75,0.0,0.25
2.55,3.17,2.65
53.8,41.2,5.0
-61,-26,85
0.75,0,2.25
1.25,0,2.5
0.6875,0,1.6875
0.6875,0,1.25
 
715558
0.40000000000000002,0.0,0.59999999999999998
0.40000000000000002,0.40000000000000002,0.20000000000000001
2.03,3.28,3.29
-,-,-
-,-,-
2.2,0,1.8
1.4,0,1.6
2.1600000000000001,0,2.1600000000000001
1.0400000000000003,0,1.8399999999999999
 
715557
0.33333333333333331,0.33333333333333331,0.33333333333333331
0.5,0.5,0.0
1.88,3.21,3.83
-,-,-
-,-,-
1.0,0,2.0
1.5,0,1.0
0.0,0,1.0
0.25,0,0.66666666666666663
 
687796
0.25,0.5,0.25
0.40000000000000002,0.0,0.59999999999999998
2.06,3.2,3.89
40.0,42.1,17.9
-14,-17,48
1.0,0,1.8
1.2,0,0.5
3.0,0,2.9600000000000004
0.56000000000000005,0,0.25
 
688548
0.16666666666666666,0.0,0.83333333333333337
1.0,0.0,0.0
1.96,3.09,4.04
80.9,4.1,15.0
-85,90,64
1.5,0,3.0
1.0,0,0.3333333333333333
0.58333333333333337,0,0.0
0.0,0,0.55555555555555569
 
681083
1.0,0.0,0.0
0.0,0.0,1.0
2.99,3.05,2.29
-,-,-
-,-,-
0.0,0,0.0
1.0,0,2.0
0.0,0,0.0
0.0,0,0.0
 
690344
0.0,1.0,0.0
1.0,0.0,0.0
2.2,3.2,3.46
44.5,30.1,25.4
100,15,30
1.0,0,1.0
0.0,0,1.0
0.0,0,0.0
0.0,0,0.0
 
682870
0.20000000000000001,0.59999999999999998,0.20000000000000001
0.5,0.5,0.0
2.33,3.18,2.99
35.4,35.3,29.2
100,-7,100
1.8,0,1.5
1.0,0,1.6
1.3600000000000001,0,0.25
0.0,0,1.4400000000000002
 
726740
0.0,0.0,1.0
0.5,0.5,0.0
1.44,4.31,6.81
55.9,9.5,34.6
-27,76,15
3.5,0,2.0
0.0,0,0.6666666666666666
1.25,0,4.0
0.0,0,0.55555555555555569
 
722511
0.0,0.5,0.5
0.20000000000000001,0.80000000000000004,0.0
1.55,3.57,5.77
-,-,-
-,-,-
2.5,0,0.8
0.4,0,1.0
0.25,0,0.56000000000000005
0.24000000000000005,0,1.0
 
673508
0.25,0.25,0.5
0.33333333333333331,0.16666666666666666,0.5
2.37,3.14,2.96
45.4,41.2,13.4
-32,-17,61
2.0,0,1.0
1.1666666666666667,0,1.25
0.5,0,0.66666666666666663
0.47222222222222215,0,0.6875
 
673513
0.33333333333333331,0.33333333333333331,0.33333333333333331
0.5,0.0,0.5
2.37,3.44,2.75
14.7,77.9,7.4
48,-163,73
1.8333333333333333,0,1.0
1.0,0,2.1666666666666665
1.1388888888888888,0,0.5
0.5,0,4.1388888888888893
 
666775
0.5,0.5,0.0
0.0,0.0,1.0
2.39,3.32,2.75
-,-,-
-,-,-
1.0,0,1.0
3.0,0,1.5
1.0,0,0.0
0.0,0,0.25
 
690341
0.40000000000000002,0.0,0.59999999999999998
0.75,0.25,0.0
1.34,4.88,9.79
40.4,19.2,40.5
-13,47,-8
1.4,0,1.25
0.25,0,1.0
0.23999999999999999,0,0.6875
0.1875,0,0.80000000000000004
 
690343
0.0,1.0,0.0
0.0,0.5,0.5
5.25,3.75,1.67
16.3,12.1,71.7
63,73,-49
1.0,0,1.0
3.0,0,1.0
0.0,0,1.0
1.0,0,0.0
 
690347
0.16666666666666666,0.0,0.83333333333333337
0.66666666666666663,0.16666666666666666,0.16666666666666666
1.94,3.48,3.94
68.8,14.0,17.2
100,64,55
1.8333333333333333,0,1.8333333333333333
0.6666666666666666,0,0.5
1.472222222222223,0,0.80555555555555569
0.55555555555555558,0,0.25
 
665072
0.33333333333333331,0.0,0.66666666666666663
0.5,0.0,0.5
1.91,3.4,4.14
77.3,13.4,9.3
100,69,78
1.6666666666666667,0,2.0
1.5,0,0.6666666666666666
0.22222222222222221,0,4.0
0.25,0,0.88888888888888895
 
707740
0.33333333333333331,0.33333333333333331,0.33333333333333331
1.0,0.0,0.0
2.45,3.25,2.76
77.0,2.4,20.5
-109,93,43
0.6666666666666666,0,2.0
1.0,0,0.6666666666666666
0.88888888888888895,0,0.0
0.0,0,0.22222222222222224
 
670139
0.40000000000000002,0.0,0.59999999999999998
0.80000000000000004,0.20000000000000001,0.0
1.31,4.72,8.82
-,-,-
-,-,-
2.2,0,1.2
0.4,0,1.4
2.1600000000000001,0,0.16
0.24000000000000005,0,2.2399999999999998
 
663487
0.0,0.0,1.0
0.090909090909090912,0.27272727272727271,0.63636363636363635
9.19,5.54,1.32
39.7,18.9,41.4
-6,50,-11
1.0,0,0.5454545454545454
2.0,0,0.0
0.0,0,0.42975206611570244
2.0,0,0.0
 
673199
1.0,0.0,0.0
0.0,1.0,0.0
3.46,3.55,2.07
19.2,16.9,63.8
52,56,-64
0.0,0,1.0
1.0,0,2.0
0.0,0,0.0
0.0,0,0.0
 
726230
0.0,0.5,0.5
0.83333333333333337,0.0,0.16666666666666666
2.03,3.24,3.53
-,-,-
-,-,-
1.5,0,2.5
0.5,0,1.0
0.25,0,0.91666666666666663
1.25,0,0.0
 
688544
0.14285714285714285,0.14285714285714285,0.7142857142857143
0.25,0.5,0.25
1.5,3.7,7.19
82.8,7.1,10.2
-44,85,79
1.8571428571428572,0,0.5
0.25,0,0.42857142857142855
1.551020408163265,0,0.75
0.1875,0,0.24489795918367344
 
697296
0.0,0.0,1.0
0.33333333333333331,0.33333333333333331,0.33333333333333331
6.67,3.67,1.52
13.3,5.1,81.6
100,88,100
2.0,0,1.0
1.0,0,1.0
0.0,0,0.66666666666666663
0.66666666666666663,0,0.0
 
724684
0.20000000000000001,0.20000000000000001,0.59999999999999998
1.0,0.0,0.0
1.32,4.99,8.22
19.7,5.7,74.6
100,74,-237
1.8,0,3.0
1.0,0,1.4
0.95999999999999996,0,1.0
0.0,0,0.23999999999999999
 
667432
0.33333333333333331,0.16666666666666666,0.5
0.0,1.0,0.0
1.39,4.69,6.73
38.5,26.5,35.0
100,26,100
1.5,0,1.0
1.0,0,1.0
2.5833333333333335,0,0.0
0.0,0,0.66666666666666663
 
667429
0.0,0.5,0.5
0.20000000000000001,0.20000000000000001,0.59999999999999998
1.9,3.5,3.79
79.0,9.0,11.9
100,79,73
1.5,0,1.4
1.6,0,1.0
0.25,0,1.0400000000000003
0.64000000000000024,0,0.0
 
667430
0.0,0.5,0.5
0.66666666666666663,0.0,0.33333333333333331
2.18,3.45,3.01
29.3,44.4,26.3
7,-39,23
1.5,0,1.6666666666666667
1.3333333333333333,0,1.0
0.25,0,1.5555555555555556
0.22222222222222221,0,0.0
 
719196
0.0,0.66666666666666663,0.33333333333333331
0.0,1.0,0.0
2.46,2.96,2.91
-,-,-
-,-,-
1.3333333333333333,0,0.0
0.0,0,1.0
0.88888888888888895,0,0.0
0.0,0,0.66666666666666663
 
719195
0.0,0.20000000000000001,0.80000000000000004
0.5,0.5,0.0
1.74,3.41,4.6
-,-,-
-,-,-
2.6,0,2.5
1.0,0,0.8
3.4399999999999999,0,0.25
1.0,0,0.56000000000000005
 
719194
1.0,0.0,0.0
0.0,0.66666666666666663,0.33333333333333331
7.05,4.02,1.44
-,-,-
-,-,-
0.0,0,0.3333333333333333
1.6666666666666667,0,3.0
0.0,0,0.22222222222222224
2.8888888888888888,0,0.0
 
722628
0.40000000000000002,0.20000000000000001,0.40000000000000002
1.0,0.0,0.0
2.01,3.31,3.42
-,-,-
-,-,-
1.0,0,1.75
0.5,0,1.4
0.40000000000000002,0,0.6875
0.25,0,2.2399999999999998
 
663482
0.33333333333333331,0.0,0.66666666666666663
0.0,0.5,0.5
1.39,4.99,7.7
52.7,12.3,35.0
-21,70,15
1.6666666666666667,0,0.0
1.0,0,0.6666666666666666
0.88888888888888895,0,0.0
1.0,0,0.55555555555555558
 
707736
0.5,0.0,0.5
1.0,0.0,0.0
2.13,3.3,3.27
84.1,8.0,7.9
-104,80,80
0.5,0,1.5
0.0,0,1.5
0.25,0,0.25
0.0,0,2.25
 
726231
0.0,0.0,1.0
0.0,0.66666666666666663,0.33333333333333331
2.6,3.05,2.68
-,-,-
-,-,-
2.0,0,0.3333333333333333
0.6666666666666666,0,1.0
0.0,0,0.22222222222222224
0.22222222222222224,0,0.0
 
709949
0.25,0.25,0.5
0.66666666666666663,0.0,0.33333333333333331
2.33,3.35,2.84
30.9,45.7,23.4
100,-43,100
1.75,0,1.6666666666666667
1.6666666666666667,0,1.25
1.6875,0,0.22222222222222221
0.88888888888888895,0,0.6875
 
724708
0.0,0.5,0.5
0.7142857142857143,0.2857142857142857,0.0
1.35,5.04,9.45
54.9,19.7,25.4
100,40,8
1.0,0,2.142857142857143
0.7142857142857143,0,0.5
0.0,0,4.1224489795918364
1.0612244897959182,0,0.25
 
682863
0.33333333333333331,0.33333333333333331,0.33333333333333331
0.66666666666666663,0.33333333333333331,0.0
2.57,3.06,2.75
23.0,52.3,24.7
30,-58,18
1.6666666666666667,0,1.3333333333333333
0.3333333333333333,0,0.6666666666666666
2.8888888888888888,0,1.2222222222222221
0.22222222222222224,0,0.88888888888888895
 
721862
0.0,0.33333333333333331,0.66666666666666663
1.0,0.0,0.0
1.77,3.32,4.52
-,-,-
-,-,-
2.0,0,3.6666666666666665
1.3333333333333333,0,1.3333333333333333
2.6666666666666665,0,1.5555555555555556
0.22222222222222221,0,1.5555555555555556
 
723009
0.0,0.0,1.0
0.66666666666666663,0.0,0.33333333333333331
3.35,3.57,1.94
-,-,-
-,-,-
4.0,0,1.0
0.6666666666666666,0,1.0
0.0,0,0.66666666666666663
0.22222222222222224,0,0.0
 
669868
0.0,0.0,1.0
0.80000000000000004,0.20000000000000001,0.0
1.36,4.9,6.43
-,-,-
-,-,-
2.6,0,3.2
1.0,0,0.6
1.04,0,2.1600000000000001
0.0,0,0.24000000000000005
 
695744
0.16666666666666666,0.33333333333333331,0.5
1.0,0.0,0.0
1.86,3.3,4.25
-,-,-
-,-,-
2.3333333333333335,0,2.0
1.0,0,0.8333333333333334
1.8888888888888891,0,0.0
0.0,0,0.47222222222222215
 
673511
0.22222222222222221,0.1111111111111111,0.66666666666666663
0.0,0.0,1.0
1.72,3.69,4.55
48.1,18.7,33.2
100,51,100
2.0,0,0.0
2.0,0,1.3333333333333333
1.3333333333333333,0,0.0
0.0,0,0.44444444444444442
 
710454
0.0,0.25,0.75
1.0,0.0,0.0
1.41,4.23,7.07
45.4,27.5,27.2
-16,33,33
2.75,0,6.0
0.0,0,0.25
9.1875,0,0.0
0.0,0,0.1875
 
710452
1.0,0.0,0.0
0.0,0.0,1.0
4.97,3.68,1.62
7.4,1.4,91.2
100,97,100
0.0,0,0.0
1.0,0,1.5
0.0,0,0.0
0.0,0,0.25
 
710453
0.0,0.5,0.5
0.66666666666666663,0.33333333333333331,0.0
1.68,3.4,5.03
69.3,10.6,20.2
100,77,55
2.5,0,3.0
0.3333333333333333,0,2.0
0.25,0,6.0
0.22222222222222224,0,1.0
 
710451
0.0,0.5,0.5
1.0,0.0,0.0
3.19,3.07,2.23
51.1,10.3,38.6
-56,69,-12
2.5,0,2.5
1.0,0,1.5
0.25,0,0.25
0.0,0,0.25
 
687793
0.0,0.0,1.0
1.0,0.0,0.0
1.38,4.71,8.57
44.5,22.9,32.5
-12,38,10
2.0,0,2.6666666666666665
1.3333333333333333,0,1.0
1.0,0,0.22222222222222224
0.88888888888888895,0,1.0
 
663486
0.0,0.0,1.0
1.0,0.0,0.0
1.16,7.93,16.82
23.1,24.6,52.3
5,-1,-96
3.0,0,3.5
1.0,0,0.0
0.0,0,0.25
1.0,0,0.0
 
678919
0.75,0.0,0.25
0.83333333333333337,0.16666666666666666,0.0
1.99,3.35,3.64
47.5,27.5,25.1
100,23,100
0.75,0,2.6666666666666665
0.3333333333333333,0,2.0
0.1875,0,3.2222222222222214
0.22222222222222224,0,2.0
 
697307
0.66666666666666663,0.0,0.33333333333333331
0.33333333333333331,0.66666666666666663,0.0
2.29,3.06,3.13
22.3,64.7,13.0
100,-99,100
0.3333333333333333,0,0.6666666666666666
0.3333333333333333,0,0.6666666666666666
0.22222222222222224,0,0.22222222222222224
0.22222222222222224,0,0.22222222222222224
 
695753
0.0,0.33333333333333331,0.66666666666666663
1.0,0.0,0.0
3.28,3.19,2.17
18.8,22.0,59.2
100,40,-59
1.6666666666666667,0,1.0
0.0,0,1.0
0.22222222222222221,0,0.0
0.0,0,0.0
 
695746
0.0,0.33333333333333331,0.66666666666666663
0.5,0.5,0.0
3.48,3.21,2.09
19.6,19.5,61.0
45,49,-53
1.6666666666666667,0,1.5
1.0,0,1.0
0.22222222222222221,0,0.25
0.0,0,0.0
 
695752
0.66666666666666663,0.33333333333333331,0.0
0.0,1.0,0.0
2.33,2.9,3.29
22.7,66.6,10.7
100,-96,100
0.3333333333333333,0,0.0
0.0,0,2.0
0.22222222222222224,0,0.0
0.0,0,2.0
 
695749
0.0,0.0,1.0
0.5,0.5,0.0
1.91,3.35,3.92
58.1,20.2,21.6
100,49,43
2.0,0,1.25
0.25,0,1.0
0.0,0,1.1875
0.1875,0,0.0
 
695754
0.0,0.20000000000000001,0.80000000000000004
0.7142857142857143,0.2857142857142857,0.0
1.48,4.09,6.4
72.8,10.5,16.6
-43,79,67
2.2,0,2.4285714285714284
1.2857142857142858,0,0.4
1.3599999999999999,0,1.3877551020408163
0.77551020408163274,0,0.24000000000000005
 
695745
0.5,0.5,0.0
0.0,0.33333333333333331,0.66666666666666663
2.63,3.09,2.68
49.7,26.1,24.1
100,20,100
0.0,0,1.0
2.0,0,1.0
0.0,0,0.0
0.66666666666666663,0,1.0
 
695750
0.2857142857142857,0.42857142857142855,0.2857142857142857
0.66666666666666663,0.16666666666666666,0.16666666666666666
2.12,3.09,3.54
37.0,22.8,40.1
-6,30,-26
1.4285714285714286,0,2.0
0.5,0,1.4285714285714286
0.81632653061224492,0,2.0
0.25,0,0.24489795918367346
 
707494
0.5,0.5,0.0
0.5,0.5,0.0
2.58,3.23,2.59
-,-,-
-,-,-
0.5,0,1.5
1.0,0,2.0
0.25,0,0.25
0.0,0,1.0
 
726450
0.1111111111111111,0.0,0.88888888888888884
0.33333333333333331,0.33333333333333331,0.33333333333333331
1.78,3.62,4.75
45.5,24.9,29.6
100,32,100
2.111111111111111,0,0.6666666666666666
1.0,0,0.2222222222222222
0.98765432098765438,0,0.88888888888888895
0.66666666666666663,0,0.39506172839506171
 
726451
0.0,0.0,1.0
1.0,0.0,0.0
1.96,3.69,3.7
66.2,17.0,16.8
100,58,57
3.2857142857142856,0,3.0
0.0,0,0.14285714285714285
3.9183673469387754,0,0.0
0.0,0,0.12244897959183677
 
726233
0.0,0.5,0.5
0.5,0.25,0.25
2.06,3.33,3.35
-,-,-
-,-,-
1.5,0,2.0
1.25,0,1.0
0.25,0,0.5
0.6875,0,0.0
 
722513
0.0,0.14285714285714285,0.8571428571428571
0.5,0.0,0.5
1.15,6.59,14.27
60.1,19.1,20.9
-11,64,63
2.4285714285714284,0,2.25
2.0,0,0.42857142857142855
3.1020408163265309,0,0.6875
0.5,0,0.24489795918367346
 
669690
0.1111111111111111,0.22222222222222221,0.66666666666666663
0.7142857142857143,0.2857142857142857,0.0
1.24,5.62,9.89
-,-,-
-,-,-
2.6666666666666665,0,2.857142857142857
1.0,0,1.0
2.666666666666667,0,2.4081632653061225
1.1428571428571428,0,0.88888888888888884
 
669691
0.0,0.0,1.0
0.8571428571428571,0.0,0.14285714285714285
1.34,4.68,7.86
-,-,-
-,-,-
4.0,0,2.4285714285714284
0.5714285714285714,0,2.0
0.0,0,2.2448979591836737
0.53061224489795911,0,0.0
 
669692
0.0,0.0,1.0
0.33333333333333331,0.33333333333333331,0.33333333333333331
2.45,3.37,2.6
-,-,-
-,-,-
2.0,0,1.0
1.6666666666666667,0,0.5
1.0,0,2.0
2.8888888888888888,0,0.25
 
724686
0.0,1.0,0.0
0.0,0.0,1.0
2.08,3.4,3.28
54.5,26.2,19.3
100,27,100
1.0,0,0.0
1.0,0,1.0
0.0,0,0.0
0.0,0,0.0
 
707496
0.80000000000000004,0.0,0.20000000000000001
0.0,1.0,0.0
4.8,4.01,1.62
-,-,-
-,-,-
1.4,0,1.0
1.0,0,2.2
1.8399999999999999,0,0.0
0.0,0,2.1600000000000001
 
682873
0.0,0.14285714285714285,0.8571428571428571
1.0,0.0,0.0
1.41,4.55,6.77
45.1,18.0,36.9
100,53,100
2.2857142857142856,0,4.5
0.5,0,0.5714285714285714
2.204081632653061,0,0.25
0.25,0,0.24489795918367346
 
670149
0.0,0.14285714285714285,0.8571428571428571
0.5,0.25,0.25
1.3,4.76,9.12
-,-,-
-,-,-
2.142857142857143,0,1.25
1.0,0,0.42857142857142855
0.69387755102040816,0,0.1875
0.5,0,0.53061224489795911
 
721882
0.0,0.0,1.0
1.0,0.0,0.0
1.91,3.33,3.77
-,-,-
-,-,-
2.5,0,2.0
0.0,0,0.5
0.25,0,0.0
0.0,0,0.25
 
723863
0.0,0.20000000000000001,0.80000000000000004
0.5,0.25,0.25
1.54,3.87,5.86
29.1,46.3,24.6
100,-37,100
2.0,0,1.5
1.5,0,0.0
1.6000000000000001,0,0.75
2.25,0,0.0
 
726234
0.33333333333333331,0.33333333333333331,0.33333333333333331
0.8571428571428571,0.0,0.14285714285714285
1.71,3.7,4.37
-,-,-
-,-,-
1.6666666666666667,0,2.7142857142857144
0.7142857142857143,0,1.6666666666666667
1.5555555555555554,0,1.0612244897959184
1.346938775510204,0,0.22222222222222221
 
669693
0.0,0.16666666666666666,0.83333333333333337
0.75,0.25,0.0
1.44,4.23,6.45
-,-,-
-,-,-
2.1666666666666665,0,2.0
0.75,0,0.3333333333333333
1.1388888888888888,0,0.5
0.6875,0,0.22222222222222224
 
726741
0.0,0.0,1.0
0.66666666666666663,0.0,0.33333333333333331
2.29,3.12,3.13
32.4,16.5,51.0
100,51,-58
2.0,0,2.0
2.0,0,1.0
0.0,0,0.66666666666666663
2.6666666666666665,0,0.0
 
727594
0.0,0.0,1.0
0.5,0.5,0.0
2.22,3.27,3.03
-,-,-
-,-,-
2.0,0,1.0
0.5,0,1.0
0.0,0,0.5
0.25,0,0.0
 
665649
0.5,0.0,0.5
1.0,0.0,0.0
2.35,3.08,3.02
18.3,35.4,46.3
41,-11,-42
1.0,0,3.0
0.0,0,0.5
1.0,0,0.0
0.0,0,0.25
 
665650
1.0,0.0,0.0
0.55555555555555558,0.1111111111111111,0.33333333333333331
1.52,4.33,5.31
37.3,14.2,48.5
100,58,-56
1.5,0,1.5555555555555556
1.1111111111111112,0,3.0
0.25,0,1.3580246913580245
0.32098765432098769,0,0.0
 
665651
0.14285714285714285,0.14285714285714285,0.7142857142857143
1.0,0.0,0.0
1.46,4.4,5.95
27.9,14.3,57.8
100,47,-107
2.142857142857143,0,3.0
0.5,0,1.0
2.1224489795918369,0,0.5
0.25,0,0.2857142857142857
 
665652
0.125,0.0,0.875
1.0,0.0,0.0
1.24,5.59,11.02
76.6,10.2,13.2
100,81,75
2.25,0,1.5
0.5,0,0.625
1.9375,0,0.25
0.25,0,0.484375
 
665654
0.5,0.5,0.0
0.0,0.0,1.0
2.55,3.42,2.53
22.0,18.9,59.1
100,45,100
1.0,0,0.0
1.0,0,1.5
0.0,0,0.0
0.0,0,0.25
 
710460
0.5,0.0,0.5
0.0,0.0,1.0
7.14,4.37,1.4
19.8,8.9,71.2
100,80,-33
0.5,0,0.5
2.0,0,1.5
0.25,0,0.25
0.0,0,2.75
 
710459
0.0,0.0,1.0
1.0,0.0,0.0
2.82,3.13,2.43
8.7,8.7,82.6
100,76,-118
2.0,0,2.0
0.5,0,0.5
0.0,0,0.0
0.25,0,0.25
 
710458
0.0,0.0,1.0
0.0,0.40000000000000002,0.59999999999999998
4.77,3.44,1.7
5.7,17.6,76.7
88,63,-58
2.0,0,0.4
2.0,0,1.0
0.0,0,0.64000000000000012
1.2,0,0.0
 
707100
0.5,0.0,0.5
0.66666666666666663,0.0,0.33333333333333331
2.5,3.23,2.6
-,-,-
-,-,-
2.5,0,1.0
0.6666666666666666,0,1.5
8.25,0,0.66666666666666663
0.88888888888888895,0,0.25
 
663490
0.0,0.0,1.0
0.33333333333333331,0.0,0.66666666666666663
4.66,3.57,1.81
25.8,16.6,57.7
100,60,100
2.0,0,1.0
1.8333333333333333,0,1.0
0.0,0,0.66666666666666663
1.8055555555555556,0,0.0
 
688555
0.25,0.25,0.5
0.80000000000000004,0.20000000000000001,0.0
1.91,3.04,4.4
12.8,70.2,16.9
100,-125,100
1.25,0,3.0
1.2,0,0.75
0.1875,0,0.40000000000000002
1.3600000000000001,0,0.6875
 
678923
0.0,0.0,1.0
0.75,0.25,0.0
1.24,5.63,10.98
72.5,11.4,16.0
-21,79,70
2.2857142857142856,0,2.25
0.25,0,0.2857142857142857
0.48979591836734698,0,1.1875
0.1875,0,0.20408163265306126
 
697311
0.33333333333333331,0.66666666666666663,0.0
1.0,0.0,0.0
3.11,3.09,2.28
7.1,3.2,89.7
79,90,-123
1.0,0,1.5
0.0,0,1.6666666666666667
0.0,0,0.25
0.0,0,0.88888888888888895
