 
681015
0.0,0.66666666666666663,0.33333333333333331
0.75,0.0,0.25
1.95,3.19,3.71
-,-,-
-,-,-
1.6666666666666667,0,3.0
1.0,0,1.0
0.88888888888888895,0,5.0
1.5,0,0.0
 
719404
0.0,0.66666666666666663,0.33333333333333331
0.5,0.16666666666666666,0.33333333333333331
1.98,3.41,3.47
-,-,-
-,-,-
1.0,0,1.8333333333333333
1.1666666666666667,0,0.3333333333333333
0.66666666666666663,0,1.8055555555555556
0.13888888888888887,0,0.22222222222222224
 
722998
0.0,0.25,0.75
0.0,1.0,0.0
1.96,3.24,3.58
-,-,-
-,-,-
2.0,0,1.0
1.0,0,0.5
1.25,0,0.0
0.0,0,0.25
 
690260
0.0,1.0,0.0
1.0,0.0,0.0
2.72,3.19,2.7
39.6,42.3,18.0
-22,-29,45
0.0,0,2.0
0.0,0,0.0
0.0,0,0.0
0.0,0,0.0
 
690268
0.0,0.25,0.75
0.88888888888888884,0.1111111111111111,0.0
1.55,3.98,6.36
65.8,15.1,19.1
-41,69,60
2.0,0,1.8888888888888888
0.3333333333333333,0,0.25
0.5,0,1.654320987654321
0.22222222222222221,0,0.1875
 
665032
0.0,0.0,1.0
1.0,0.0,0.0
3.35,3.44,2.14
23.8,22.1,54.1
35,38,-45
1.0,0,1.0
0.0,0,0.0
0.0,0,0.0
0.0,0,0.0
 
670763
0.14285714285714285,0.2857142857142857,0.5714285714285714
1.0,0.0,0.0
1.18,6.59,13.12
63.8,15.2,21.0
100,72,100
1.4285714285714286,0,1.0
0.0,0,0.2857142857142857
1.9591836734693877,0,0.0
0.0,0,0.20408163265306126
 
723070
0.0,0.0,1.0
1.0,0.0,0.0
2.98,3.57,2.33
22.6,27.0,50.4
33,21,-40
4.0,0,3.0
2.0,0,3.0
0.0,0,1.0
1.0,0,0.0
 
723067
0.0,0.0,1.0
0.5,0.0,0.5
1.21,6.84,14.25
58.0,17.6,24.5
100,62,49
3.4,0,1.5
2.0,0,0.2
3.4400000000000004,0,0.25
4.0,0,0.16000000000000003
 
720653
0.33333333333333331,0.0,0.66666666666666663
0.33333333333333331,0.33333333333333331,0.33333333333333331
1.67,3.38,5.42
54.0,20.4,25.6
100,49,30
1.3333333333333333,0,1.3333333333333333
1.3333333333333333,0,1.3333333333333333
0.88888888888888895,0,0.88888888888888895
0.55555555555555558,0,1.5555555555555554
 
720629
0.16666666666666666,0.33333333333333331,0.5
0.66666666666666663,0.0,0.33333333333333331
1.11,7.72,19.19
29.4,4.4,66.1
100,83,-157
0.8333333333333334,0,2.0
0.6666666666666666,0,0.16666666666666666
1.1388888888888888,0,0.66666666666666663
0.88888888888888895,0,0.13888888888888892
 
720713
0.25,0.0,0.75
0.75,0.0,0.25
1.53,3.86,5.78
20.2,8.6,71.3
17,65,-181
3.25,0,1.5
1.0,0,1.25
1.6875,0,0.25
1.5,0,0.6875
 
666723
0.0,1.0,0.0
0.33333333333333331,0.66666666666666663,0.0
2.03,3.27,3.48
-,-,-
-,-,-
2.5,0,0.3333333333333333
0.0,0,2.5
0.25,0,0.22222222222222224
0.0,0,0.25
 
719402
1.0,0.0,0.0
0.0,0.40000000000000002,0.59999999999999998
5.54,3.94,1.54
-,-,-
-,-,-
0.0,0,0.7
1.8,0,1.0
0.0,0,0.21000000000000002
1.1599999999999999,0,0.0
 
723078
0.125,0.25,0.625
0.0,0.5,0.5
1.81,3.65,4.44
47.0,25.7,27.2
-28,32,28
2.5,0,1.5
2.0,0,0.625
3.5,0,0.25
0.0,0,0.484375
 
723077
0.090909090909090912,0.0,0.90909090909090906
1.0,0.0,0.0
1.34,4.73,10.65
54.0,22.2,23.8
-22,53,51
2.090909090909091,0,1.0
0.0,0,0.2727272727272727
0.99173553719008256,0,0.0
0.0,0,0.38016528925619841
 
723076
0.16666666666666666,0.0,0.83333333333333337
0.5,0.0,0.5
1.32,5.06,10.13
56.8,17.7,25.4
-22,61,45
2.6666666666666665,0,2.0
2.0,0,0.5
1.8888888888888886,0,0.0
1.0,0,0.58333333333333337
 
720665
0.14285714285714285,0.42857142857142855,0.42857142857142855
1.0,0.0,0.0
1.34,4.35,9.48
51.4,31.3,17.4
100,26,54
2.4285714285714284,0,1.0
0.0,0,1.1428571428571428
5.6734693877550999,0,0.0
0.0,0,0.97959183673469385
 
720642
0.0,0.40000000000000002,0.59999999999999998
1.0,0.0,0.0
1.38,4.26,8.27
41.2,18.7,40.1
-12,47,-24
1.8,0,3.0
0.0,0,0.6
1.3600000000000001,0,1.0
0.0,0,0.6399999999999999
 
720691
0.5,0.16666666666666666,0.33333333333333331
0.33333333333333331,0.0,0.66666666666666663
1.89,3.1,4.28
30.2,21.6,48.3
100,31,-65
1.0,0,1.0
1.3333333333333333,0,1.0
2.0,0,0.66666666666666663
0.22222222222222221,0,0.33333333333333331
 
680552
1.0,0.0,0.0
0.5,0.5,0.0
2.18,3.64,2.92
14.4,6.4,79.2
100,78,-142
0.0,0,2.0
1.5,0,3.0
0.0,0,0.0
0.25,0,0.0
 
681047
0.20000000000000001,0.40000000000000002,0.40000000000000002
0.66666666666666663,0.33333333333333331,0.0
2.07,3.13,3.36
-,-,-
-,-,-
0.6,0,1.0
0.3333333333333333,0,0.4
0.24000000000000005,0,0.0
0.22222222222222224,0,0.24000000000000005
 
673481
0.25,0.0,0.75
1.0,0.0,0.0
2.38,3.11,2.98
78.7,9.7,11.6
100,75,67
1.0,0,2.5
0.75,0,0.5
0.0,0,0.25
0.6875,0,0.75
 
706839
0.0,1.0,0.0
0.80000000000000004,0.0,0.20000000000000001
1.6,3.66,5.34
42.7,9.2,48.1
100,73,-57
0.5,0,1.2
0.4,0,0.5
0.25,0,0.56000000000000005
0.24000000000000005,0,0.25
 
697266
0.0,0.0,1.0
0.0,1.0,0.0
2.37,2.94,3.11
55.7,19.5,24.7
-58,45,30
2.0,0,0.0
0.0,0,1.0
0.0,0,0.0
0.0,0,0.0
 
706838
0.40000000000000002,0.0,0.59999999999999998
0.0,1.0,0.0
2.28,3.17,3.0
65.0,26.6,8.3
-75,27,77
1.8,0,1.0
1.0,0,1.4
0.95999999999999996,0,0.0
0.0,0,5.4399999999999995
 
714271
0.0,0.0,1.0
0.75,0.0,0.25
1.74,3.71,4.25
54.4,12.6,33.0
-35,67,16
2.6666666666666665,0,2.375
1.375,0,0.0
1.5555555555555554,0,1.484375
2.484375,0,0.0
 
712411
0.25,0.5,0.25
0.5,0.0,0.5
2.55,3.09,2.66
48.0,16.4,35.6
100,51,1
1.0,0,1.0
1.5,0,1.0
1.5,0,0.0
2.25,0,0.5
 
697255
0.5,0.0,0.5
1.0,0.0,0.0
1.84,3.25,4.32
75.2,11.3,13.5
-65,74,68
1.0,0,2.0
0.0,0,1.5
0.0,0,0.0
0.0,0,2.25
 
687756
0.5,0.0,0.5
0.625,0.25,0.125
2.0,3.28,4.02
60.5,20.0,19.6
100,49,50
4.0,0,1.125
0.5,0,1.0
9.0,0,0.609375
0.5,0,1.0
 
664166
0.0,1.0,0.0
0.5,0.5,0.0
2.27,3.55,2.74
69.0,6.0,25.0
100,84,100
0.0,0,0.5
0.0,0,0.0
0.0,0,0.25
0.0,0,0.0
 
664164
0.0,1.0,0.0
0.5,0.0,0.5
2.37,3.54,2.61
10.9,79.8,9.3
100,-187,66
0.0,0,1.5
1.0,0,0.0
0.0,0,2.25
0.0,0,0.0
 
664162
0.75,0.0,0.25
0.5,0.5,0.0
2.84,3.46,2.25
63.6,20.6,15.7
100,33,53
1.75,0,1.0
0.5,0,2.0
0.6875,0,0.0
0.25,0,1.5
 
664161
1.0,0.0,0.0
0.5,0.0,0.5
3.66,3.73,1.83
37.0,21.4,41.5
100,40,-18
0.0,0,1.5
0.5,0,1.0
0.0,0,2.25
0.25,0,0.0
 
664165
0.0,0.0,1.0
1.0,0.0,0.0
1.8,3.78,3.77
83.2,2.6,14.2
-69,94,69
2.0,0,2.8
0.8,0,0.0
0.0,0,0.15999999999999998
0.56000000000000005,0,0.0
 
664160
0.20000000000000001,0.59999999999999998,0.20000000000000001
0.66666666666666663,0.16666666666666666,0.16666666666666666
1.6,4.05,4.64
71.9,9.4,18.7
100,79,60
1.6,0,3.3333333333333335
1.0,0,1.8
0.23999999999999999,0,3.2222222222222219
1.3333333333333333,0,0.56000000000000005
 
664159
0.5,0.0,0.5
0.25,0.25,0.5
3.73,4.15,1.73
54.7,32.8,12.6
100,-22,100
2.5,0,1.25
2.5,0,3.0
0.25,0,0.6875
2.25,0,1.0
 
664158
1.0,0.0,0.0
0.5,0.0,0.5
2.71,3.57,2.28
41.0,41.2,17.9
-29,-33,44
1.0,0,2.0
1.0,0,2.0
0.0,0,1.0
1.0,0,0.0
 
664157
0.5,0.0,0.5
0.80000000000000004,0.10000000000000001,0.10000000000000001
1.4,4.93,5.93
51.3,16.2,32.5
-23,61,24
1.5,0,2.6
0.8,0,1.5
0.25,0,3.8400000000000007
0.96000000000000019,0,0.25
 
663782
1.0,0.0,0.0
0.0,1.0,0.0
2.25,3.33,3.05
24.1,58.2,17.7
100,-82,46
0.5,0,3.0
3.0,0,2.0
0.25,0,0.0
0.0,0,0.0
 
665605
0.5,0.0,0.5
0.20000000000000001,0.0,0.80000000000000004
4.24,3.55,1.78
19.1,17.6,63.3
100,58,100
1.5,0,1.2
2.4,0,1.0
0.25,0,0.16
1.8399999999999999,0,1.0
 
665599
0.66666666666666663,0.33333333333333331,0.0
0.375,0.375,0.25
1.5,4.0,6.08
55.7,20.9,23.4
-27,49,45
1.3333333333333333,0,2.0
1.25,0,2.3333333333333335
0.22222222222222221,0,2.25
1.6875,0,0.88888888888888884
 
665600
0.5,0.0,0.5
0.0,0.66666666666666663,0.33333333333333331
2.6,3.0,2.78
36.8,34.8,28.4
100,-4,100
0.75,0,1.0
1.6666666666666667,0,1.25
0.6875,0,0.66666666666666663
0.22222222222222221,0,0.6875
 
665607
0.25,0.0,0.75
0.40000000000000002,0.20000000000000001,0.40000000000000002
1.96,3.32,3.76
55.1,32.0,13.0
-43,19,67
2.25,0,1.6
1.0,0,1.25
2.1875,0,2.6399999999999997
0.0,0,0.1875
 
665604
0.14285714285714285,0.14285714285714285,0.7142857142857143
1.0,0.0,0.0
1.75,3.4,4.69
67.7,11.3,21.0
100,74,100
2.142857142857143,0,2.0
0.5,0,1.0
2.1224489795918369,0,0.0
0.25,0,0.2857142857142857
 
665601
0.20000000000000001,0.20000000000000001,0.59999999999999998
0.40000000000000002,0.20000000000000001,0.40000000000000002
1.57,3.81,5.68
46.9,17.2,36.0
100,54,100
1.6,0,1.2
1.2,0,0.8
1.0400000000000003,0,1.3600000000000001
0.56000000000000005,0,0.96000000000000019
 
665598
0.33333333333333331,0.33333333333333331,0.33333333333333331
1.0,0.0,0.0
2.32,3.2,2.99
13.2,36.0,50.7
58,-17,-64
2.6666666666666665,0,1.0
0.0,0,2.0
1.5555555555555554,0,0.0
0.0,0,4.666666666666667
 
665602
0.0,0.5,0.5
0.0,0.0,1.0
2.52,3.03,2.84
35.0,33.4,31.6
100,-,100
2.0,0,0.0
4.0,0,1.0
1.0,0,0.0
0.0,0,0.0
 
673482
0.5,0.0,0.5
0.5,0.16666666666666666,0.33333333333333331
2.43,3.3,2.8
37.1,13.2,49.6
-16,61,-35
1.5,0,1.0
0.8333333333333334,0,1.5
0.25,0,0.33333333333333331
0.47222222222222215,0,0.25
 
715348
0.0,0.59999999999999998,0.40000000000000002
0.0,0.5,0.5
2.33,3.12,2.93
36.0,62.1,1.9
-,-74,95
0.6,0,1.0
1.5,0,0.0
0.6399999999999999,0,0.0
0.25,0,0.0
 
711489
0.0,0.5,0.5
0.66666666666666663,0.0,0.33333333333333331
1.83,3.58,3.94
31.6,41.2,27.2
11,-28,4
2.0,0,2.3333333333333335
2.0,0,1.5
0.0,0,0.22222222222222224
0.66666666666666663,0,0.25
 
711490
0.16666666666666666,0.16666666666666666,0.66666666666666663
0.0,0.0,1.0
1.84,3.45,3.99
47.0,27.5,25.5
-25,23,26
2.0,0,0.5
1.5,0,1.3333333333333333
0.33333333333333331,0,0.25
0.25,0,1.8888888888888891
 
711491
0.25,0.0,0.75
0.5,0.25,0.25
2.17,3.18,3.24
71.8,11.2,17.0
100,70,100
2.5,0,1.0
1.0,0,1.75
0.25,0,0.5
1.5,0,0.6875
 
713305
1.0,0.0,0.0
1.0,0.0,0.0
2.85,3.2,2.36
54.6,28.6,16.8
100,11,100
1.0,0,2.0
1.0,0,2.0
0.0,0,0.0
0.0,0,0.0
 
713304
0.0,1.0,0.0
0.0,0.0,1.0
2.61,3.06,2.64
26.2,8.9,64.9
23,73,-90
2.0,0,1.0
2.0,0,2.0
0.0,0,0.0
0.0,0,0.0
 
715546
0.0,0.0,1.0
0.66666666666666663,0.33333333333333331,0.0
2.38,3.05,2.82
-,-,-
-,-,-
4.5,0,1.3333333333333333
0.3333333333333333,0,0.5
6.25,0,0.88888888888888895
0.22222222222222224,0,0.25
 
715545
0.0,0.33333333333333331,0.66666666666666663
1.0,0.0,0.0
2.03,3.21,3.35
-,-,-
-,-,-
1.3333333333333333,0,3.0
2.0,0,0.0
0.88888888888888895,0,0.0
0.0,0,0.0
 
711492
0.0,1.0,0.0
0.83333333333333337,0.0,0.16666666666666666
1.72,3.6,4.45
24.2,7.8,68.0
14,71,-132
2.0,0,1.6666666666666667
0.6666666666666666,0,2.0
1.0,0,1.2222222222222223
0.55555555555555558,0,1.0
 
715347
0.0,0.16666666666666666,0.83333333333333337
0.0,1.0,0.0
1.93,3.29,3.76
46.0,17.4,36.5
100,54,100
2.6666666666666665,0,0.5
0.5,0,1.3333333333333333
0.55555555555555547,0,0.25
0.25,0,0.22222222222222224
 
666087
0.0,0.5,0.5
0.0,0.5,0.5
3.74,3.13,1.96
-,-,-
-,-,-
0.5,0,1.0
2.0,0,0.0
0.25,0,0.0
1.0,0,0.0
 
681044
0.0,0.22222222222222221,0.77777777777777779
1.0,0.0,0.0
1.91,3.41,3.59
-,-,-
-,-,-
2.111111111111111,0,1.0
0.0,0,0.5555555555555556
2.098765432098765,0,0.0
0.0,0,0.24691358024691359
 
687752
0.0,0.0,1.0
0.5,0.5,0.0
2.43,3.03,3.19
31.4,37.6,31.0
2,-12,10
2.0,0,1.0
0.5,0,0.0
0.0,0,0.0
0.25,0,0.0
 
673480
0.14285714285714285,0.42857142857142855,0.42857142857142855
0.80000000000000004,0.20000000000000001,0.0
1.87,3.56,3.85
73.2,16.1,10.8
-67,63,75
1.8571428571428572,0,2.6
1.4,0,1.0
2.6938775510204076,0,0.23999999999999999
0.23999999999999999,0,1.1428571428571428
 
673486
0.0,0.66666666666666663,0.33333333333333331
0.0,1.0,0.0
1.6,3.9,5.19
42.2,15.6,42.3
-24,58,-3
2.5,0,1.5
1.5,0,1.1666666666666667
1.5833333333333333,0,0.25
0.25,0,0.80555555555555547
 
673483
0.25,0.125,0.625
1.0,0.0,0.0
1.78,3.62,4.23
61.9,11.3,26.8
-52,72,35
1.875,0,2.6666666666666665
1.0,0,1.25
1.359375,0,0.22222222222222224
0.66666666666666663,0,0.4375
 
673485
0.0,0.5,0.5
0.20000000000000001,0.40000000000000002,0.40000000000000002
2.46,3.12,2.86
11.7,63.8,24.5
100,-103,23
1.8333333333333333,0,1.2
1.6,0,1.3333333333333333
1.1388888888888891,0,0.95999999999999996
0.64000000000000001,0,1.555555555555556
 
666359
0.33333333333333331,0.0,0.66666666666666663
0.5,0.0,0.5
2.02,2.99,3.99
55.6,14.1,30.2
100,61,14
2.1666666666666665,0,2.0
0.5,0,0.6666666666666666
4.1388888888888893,0,4.0
0.25,0,0.22222222222222224
 
670111
0.0,0.0,1.0
0.0,0.0,1.0
6.22,3.89,1.49
-,-,-
-,-,-
2.0,0,1.5
3.0,0,0.0
0.0,0,0.25
0.0,0,0.0
 
722502
1.0,0.0,0.0
0.16666666666666666,0.16666666666666666,0.66666666666666663
11.23,5.53,1.2
-,-,-
-,-,-
1.0,0,0.5
2.1666666666666665,0,2.0
0.0,0,0.58333333333333337
1.4722222222222223,0,0.0
 
722501
0.0,0.16666666666666666,0.83333333333333337
1.0,0.0,0.0
1.37,4.36,7.15
-,-,-
-,-,-
2.1666666666666665,0,2.3333333333333335
0.3333333333333333,0,0.5
3.1388888888888888,0,0.22222222222222224
0.22222222222222224,0,0.25
 
666089
0.5,0.0,0.5
0.55555555555555558,0.22222222222222221,0.22222222222222221
1.41,3.84,7.88
-,-,-
-,-,-
1.5,0,1.4444444444444444
0.3333333333333333,0,1.0
0.25,0,3.1358024691358022
0.22222222222222221,0,1.0
 
666084
0.20000000000000001,0.20000000000000001,0.59999999999999998
0.5,0.25,0.25
1.33,4.42,8.62
-,-,-
-,-,-
1.0,0,2.5
1.25,0,0.4
0.40000000000000002,0,4.25
1.1875,0,0.24000000000000005
 
666090
0.33333333333333331,0.0,0.66666666666666663
1.0,0.0,0.0
2.05,3.09,3.52
-,-,-
-,-,-
0.6666666666666666,0,2.5
0.5,0,0.6666666666666666
0.22222222222222224,0,0.25
0.25,0,0.88888888888888895
 
666088
0.5,0.0,0.5
0.5,0.25,0.25
2.88,2.8,2.55
-,-,-
-,-,-
1.0,0,1.25
0.5,0,1.0
1.0,0,1.1875
0.25,0,0.0
 
667956
1.0,0.0,0.0
0.33333333333333331,0.33333333333333331,0.33333333333333331
3.2,3.23,2.24
20.7,36.9,42.4
100,-9,-20
0.0,0,1.3333333333333333
1.3333333333333333,0,1.3333333333333333
0.0,0,1.5555555555555556
1.5555555555555556,0,0.22222222222222221
 
667965
1.0,0.0,0.0
0.0,0.66666666666666663,0.33333333333333331
2.88,3.19,2.45
21.5,19.1,59.4
38,44,-62
0.0,0,0.3333333333333333
1.3333333333333333,0,2.0
0.0,0,0.22222222222222224
1.5555555555555556,0,0.0
 
663452
1.0,0.0,0.0
0.20000000000000001,0.0,0.80000000000000004
3.73,3.49,2.04
18.1,14.1,67.9
58,65,-77
1.0,0,1.0
2.6,0,3.5
1.0,0,0.0
3.04,0,2.25
 
666083
1.0,0.0,0.0
0.25,0.0,0.75
10.35,4.14,1.35
-,-,-
-,-,-
0.0,0,0.75
1.75,0,2.0
0.0,0,0.1875
1.1875,0,0.0
 
719175
0.0,1.0,0.0
1.0,0.0,0.0
2.52,3.04,2.75
-,-,-
-,-,-
0.0,0,2.0
1.0,0,0.0
0.0,0,1.0
1.0,0,0.0
 
666086
1.0,0.0,0.0
0.33333333333333331,0.33333333333333331,0.33333333333333331
2.07,3.02,3.55
-,-,-
-,-,-
1.0,0,1.6666666666666667
1.6666666666666667,0,2.0
0.0,0,0.88888888888888895
0.22222222222222221,0,0.0
 
690302
0.0,0.0,1.0
0.0,0.0,1.0
13.12,5.44,1.26
23.8,16.2,60.0
100,68,-22
3.0,0,0.0
2.0,0,2.0
0.0,0,0.0
1.0,0,0.0
 
695694
0.0,0.5,0.5
0.25,0.75,0.0
2.42,2.86,3.17
3.4,90.5,6.1
100,-168,81
3.0,0,0.5
0.0,0,2.0
0.0,0,0.75
0.0,0,1.0
 
695693
0.5,0.0,0.5
0.0,0.25,0.75
3.2,3.12,2.25
77.4,18.0,4.6
-164,39,84
1.5,0,0.75
1.5,0,1.5
0.25,0,0.1875
0.25,0,0.25
 
695697
0.5,0.0,0.5
0.66666666666666663,0.0,0.33333333333333331
2.4,3.03,3.0
53.6,21.7,24.7
100,38,31
1.5,0,1.0
0.6666666666666666,0,1.5
2.25,0,0.0
0.88888888888888895,0,0.25
 
695691
0.0,1.0,0.0
0.33333333333333331,0.16666666666666666,0.5
3.25,3.03,2.26
48.8,23.5,27.7
-55,27,16
1.0,0,1.0
2.0,0,1.0
0.0,0,0.66666666666666663
2.0,0,0.0
 
695692
0.0,0.33333333333333331,0.66666666666666663
1.0,0.0,0.0
1.71,3.4,4.98
52.7,4.6,42.7
100,88,100
2.0,0,2.25
0.25,0,0.6666666666666666
0.66666666666666663,0,0.6875
0.1875,0,0.88888888888888895
 
695699
0.33333333333333331,0.66666666666666663,0.0
0.0,0.0,1.0
2.17,3.2,3.28
3.5,11.0,85.5
100,60,100
0.3333333333333333,0,0.6
2.6,0,0.6666666666666666
0.22222222222222224,0,0.24000000000000005
1.04,0,0.22222222222222224
 
695695
0.25,0.0,0.75
0.75,0.0,0.25
1.53,3.91,5.83
73.2,6.9,19.9
-48,86,60
3.0,0,2.25
0.5,0,0.75
1.5,0,2.1875
0.25,0,0.6875
 
670116
0.125,0.125,0.75
0.66666666666666663,0.16666666666666666,0.16666666666666666
1.27,5.06,10.24
-,-,-
-,-,-
1.625,0,2.0
0.5,0,0.5
0.984375,0,0.66666666666666663
0.58333333333333337,0,0.5
 
673180
0.0,0.0,1.0
0.5,0.5,0.0
2.33,3.08,3.34
66.2,14.0,19.9
-72,61,42
1.6666666666666667,0,1.0
0.5,0,0.3333333333333333
0.22222222222222221,0,1.0
0.25,0,0.22222222222222224
 
673172
0.0,0.0,1.0
0.5,0.5,0.0
1.81,3.63,4.45
66.2,17.4,16.3
-51,59,62
3.0,0,1.25
0.75,0,1.0
0.66666666666666663,0,1.1875
0.6875,0,0.0
 
673176
0.33333333333333331,0.66666666666666663,0.0
0.5,0.5,0.0
2.09,3.49,3.45
51.0,28.6,20.4
-38,21,44
1.3333333333333333,0,1.5
1.0,0,1.6666666666666667
1.5555555555555554,0,0.25
0.0,0,2.8888888888888888
 
673175
1.0,0.0,0.0
0.15384615384615385,0.0,0.84615384615384615
7.11,4.55,1.44
18.4,12.7,68.9
100,76,100
1.0,0,0.7692307692307693
2.4615384615384617,0,2.0
0.0,0,0.48520710059171596
2.7100591715976332,0,0.0
 
663456
0.0,0.25,0.75
0.20000000000000001,0.40000000000000002,0.40000000000000002
2.35,3.13,3.27
46.4,28.1,25.6
100,18,24
1.75,0,0.4
1.0,0,0.75
0.1875,0,0.24000000000000005
1.6000000000000001,0,0.6875
 
663455
1.0,0.0,0.0
0.0,0.5,0.5
10.34,5.57,1.3
34.1,19.2,46.8
16,49,-13
0.0,0,0.75
2.0,0,3.5
0.0,0,0.6875
0.5,0,0.25
 
663453
0.14285714285714285,0.14285714285714285,0.7142857142857143
0.5,0.5,0.0
1.89,3.46,4.31
59.0,16.4,24.6
100,58,35
1.5714285714285714,0,2.25
1.25,0,0.7142857142857143
0.81632653061224492,0,0.1875
0.6875,0,1.0612244897959184
 
667960
0.42857142857142855,0.2857142857142857,0.2857142857142857
0.5,0.25,0.25
1.57,3.74,6.01
39.6,21.1,39.3
-13,40,-21
1.2857142857142858,0,1.25
0.5,0,1.4285714285714286
1.0612244897959184,0,0.6875
0.25,0,2.8163265306122445
 
706833
1.0,0.0,0.0
0.5,0.0,0.5
1.75,3.49,4.39
12.3,64.1,23.6
55,-125,24
1.0,0,1.3333333333333333
0.5,0,2.0
0.0,0,3.2222222222222228
0.25,0,0.0
 
706834
0.5,0.25,0.25
0.33333333333333331,0.33333333333333331,0.33333333333333331
2.59,3.09,2.65
49.3,30.3,20.4
-50,11,40
1.75,0,1.0
0.6666666666666666,0,1.0
3.6875,0,2.0
0.22222222222222224,0,1.0
 
714268
0.33333333333333331,0.33333333333333331,0.33333333333333331
0.20000000000000001,0.0,0.80000000000000004
1.79,3.7,4.02
33.6,38.5,27.9
-,-16,14
2.3333333333333335,0,0.8
2.0,0,2.6666666666666665
1.5555555555555554,0,0.56000000000000005
1.2,0,2.8888888888888893
 
714269
0.33333333333333331,0.66666666666666663,0.0
0.5,0.5,0.0
2.42,3.43,2.68
27.8,23.7,48.5
100,30,100
1.6666666666666667,0,1.5
1.0,0,2.0
0.88888888888888895,0,0.25
1.0,0,2.0
 
706835
0.2857142857142857,0.42857142857142855,0.2857142857142857
0.33333333333333331,0.33333333333333331,0.33333333333333331
1.88,3.61,3.59
31.6,13.9,54.5
100,56,-73
2.2857142857142856,0,1.6666666666666667
1.6666666666666667,0,1.7142857142857142
3.6326530612244894,0,0.22222222222222221
0.88888888888888895,0,0.48979591836734698
 
706836
0.14285714285714285,0.2857142857142857,0.5714285714285714
0.5,0.33333333333333331,0.16666666666666666
1.43,4.37,6.37
50.2,26.0,23.8
100,32,42
2.4285714285714284,0,2.0
1.0,0,1.0
3.1020408163265309,0,1.6666666666666667
1.0,0,0.8571428571428571
 
714265
0.0,0.5,0.5
0.80000000000000004,0.20000000000000001,0.0
1.45,4.22,6.56
27.8,4.5,67.7
100,83,-142
2.2,0,1.8
0.6,0,1.0
2.1600000000000001,0,0.56000000000000005
0.24000000000000005,0,1.0
 
714270
0.0,0.20000000000000001,0.80000000000000004
0.75,0.25,0.0
1.8,3.69,4.0
38.5,14.8,46.6
100,56,-35
2.6,0,3.25
0.875,0,0.6
3.4399999999999999,0,2.1875
0.609375,0,0.24000000000000005
 
712409
0.0,0.5,0.5
0.59999999999999998,0.40000000000000002,0.0
1.79,3.43,4.07
67.9,5.2,26.9
-54,87,36
1.5,0,1.4
0.8,0,1.0
0.25,0,0.64000000000000001
0.56000000000000005,0,1.0
 
706837
0.2857142857142857,0.42857142857142855,0.2857142857142857
0.80000000000000004,0.20000000000000001,0.0
1.72,3.62,4.39
50.1,20.7,29.2
100,44,100
1.0,0,2.8
0.8,0,1.1428571428571428
0.8571428571428571,0,1.7600000000000002
0.56000000000000005,0,0.97959183673469385
 
697261
0.0,0.66666666666666663,0.33333333333333331
0.75,0.125,0.125
1.6,3.61,5.58
25.0,18.1,57.0
100,35,100
1.3333333333333333,0,2.5
0.625,0,0.3333333333333333
1.5555555555555556,0,1.25
1.734375,0,0.22222222222222224
 
712406
0.10000000000000001,0.20000000000000001,0.69999999999999996
0.5,0.25,0.25
1.68,3.5,4.65
57.5,17.6,24.9
100,58,100
1.8,0,1.0
0.75,0,0.8
0.36000000000000004,0,1.0
0.1875,0,0.76000000000000001
 
678886
0.5,0.0,0.5
0.0,0.33333333333333331,0.66666666666666663
9.69,4.9,1.31
28.3,11.2,60.6
100,79,100
1.0,0,1.0
2.1666666666666665,0,3.0
1.0,0,0.33333333333333331
0.47222222222222215,0,4.0
 
663786
0.0,0.0,1.0
0.40000000000000002,0.59999999999999998,0.0
2.03,3.41,3.5
35.9,19.0,45.1
-4,42,-35
2.0,0,1.8
1.0,0,1.0
0.0,0,1.3600000000000001
0.80000000000000004,0,0.0
 
687753
0.0,0.27272727272727271,0.72727272727272729
1.0,0.0,0.0
1.11,9.1,25.27
54.1,18.8,27.1
100,62,43
2.1818181818181817,0,2.8333333333333335
0.5,0,0.36363636363636365
2.1487603305785119,0,0.80555555555555547
0.58333333333333337,0,0.41322314049586772
 
690305
0.0,0.0,1.0
0.0,0.66666666666666663,0.33333333333333331
2.51,3.17,2.93
61.4,17.1,21.6
100,52,100
4.0,0,0.6666666666666666
1.0,0,1.0
0.0,0,0.88888888888888895
2.0,0,0.0
 
697264
0.0,0.5,0.5
0.33333333333333331,0.66666666666666663,0.0
2.27,3.0,3.21
82.8,10.7,6.5
100,72,100
2.0,0,2.0
0.6666666666666666,0,1.0
1.0,0,2.6666666666666665
0.88888888888888895,0,0.0
 
723849
0.66666666666666663,0.0,0.33333333333333331
0.0,0.0,1.0
2.25,3.18,3.14
55.1,16.9,27.9
100,51,17
1.0,0,2.0
3.0,0,1.0
0.66666666666666663,0,0.0
0.0,0,0.66666666666666663
 
712405
0.0,0.5,0.5
0.75,0.25,0.0
1.97,3.35,3.45
77.3,17.4,5.3
-79,62,88
2.5,0,1.5
0.75,0,2.0
0.25,0,1.25
0.6875,0,0.0
 
723910
0.0,0.0,1.0
0.75,0.0,0.25
2.13,3.18,3.36
23.3,67.9,8.8
100,-112,73
1.0,0,3.0
0.75,0,0.0
0.0,0,3.0
0.6875,0,0.0
 
723909
0.5,0.0,0.5
0.5714285714285714,0.42857142857142855,0.0
1.69,3.85,4.35
29.4,4.6,66.0
100,85,-114
2.0,0,1.8571428571428572
1.0,0,2.0
0.0,0,1.2653061224489797
0.8571428571428571,0,1.0
 
665035
0.0,0.25,0.75
1.0,0.0,0.0
2.44,2.95,3.23
45.1,17.9,37.0
100,48,-11
2.25,0,2.3333333333333335
0.0,0,0.75
0.6875,0,0.22222222222222224
0.0,0,0.1875
 
665044
0.25,0.5,0.25
0.75,0.25,0.0
1.94,3.42,4.0
22.9,64.8,12.3
100,-102,100
0.75,0,2.25
0.75,0,0.75
0.6875,0,1.1875
0.6875,0,0.6875
 
665037
0.33333333333333331,0.0,0.66666666666666663
0.59999999999999998,0.20000000000000001,0.20000000000000001
1.68,3.58,5.42
66.5,12.0,21.6
-48,72,51
2.0,0,2.0
1.2,0,1.6666666666666667
2.0,0,0.40000000000000002
0.56000000000000005,0,0.22222222222222221
 
665038
0.0,0.40000000000000002,0.59999999999999998
1.0,0.0,0.0
1.87,3.41,4.36
39.8,24.8,35.4
-15,26,-2
1.8,0,2.125
0.5,0,0.6
1.7600000000000002,0,1.109375
0.5,0,0.6399999999999999
 
665036
0.16666666666666666,0.0,0.83333333333333337
0.25,0.25,0.5
1.84,3.41,4.52
57.6,38.3,4.1
100,10,90
1.8333333333333333,0,2.0
2.25,0,0.8333333333333334
0.80555555555555547,0,3.5
0.1875,0,0.80555555555555547
 
663784
0.0,0.66666666666666663,0.33333333333333331
0.0,0.0,1.0
2.8,3.47,2.34
31.4,55.0,13.5
-2,-81,55
2.0,0,1.0
2.0,0,1.6666666666666667
0.66666666666666663,0,0.0
0.0,0,0.22222222222222221
 
663789
0.0,0.0,1.0
0.5,0.0,0.5
2.49,3.63,2.53
12.8,66.2,21.1
55,-125,28
3.0,0,2.0
1.5,0,0.0
0.0,0,0.0
2.25,0,0.0
 
687754
0.0,0.0,1.0
1.0,0.0,0.0
2.24,3.42,3.17
53.3,24.6,22.1
100,31,100
2.5,0,2.0
0.0,0,0.0
0.25,0,0.0
0.0,0,0.0
 
673177
0.0,0.0,1.0
0.0,0.0,1.0
4.3,3.37,1.9
29.5,8.4,62.1
30,79,-57
3.0,0,0.0
1.0,0,2.0
0.0,0,0.0
0.0,0,0.0
 
663454
0.20000000000000001,0.0,0.80000000000000004
0.0,0.0,1.0
1.82,3.69,4.39
58.5,14.0,27.5
100,66,100
3.4,0,2.0
3.0,0,1.2
1.04,0,0.0
0.0,0,0.96000000000000019
 
723908
0.25,0.5,0.25
0.0,1.0,0.0
2.22,3.27,3.07
31.1,0.6,68.3
3,98,-104
1.0,0,2.0
2.0,0,1.0
0.5,0,0.0
0.0,0,1.0
 
666355
0.33333333333333331,0.33333333333333331,0.33333333333333331
1.0,0.0,0.0
2.32,2.85,3.36
21.6,32.7,45.7
30,-1,-45
1.0,0,2.0
1.0,0,1.0
0.66666666666666663,0,0.0
0.0,0,0.66666666666666663
 
709932
0.33333333333333331,0.0,0.66666666666666663
0.0,1.0,0.0
1.99,3.46,3.45
65.7,15.6,18.7
-60,60,51
2.0,0,0.0
0.0,0,1.6666666666666667
0.66666666666666663,0,0.0
0.0,0,2.8888888888888888
 
690301
0.5714285714285714,0.14285714285714285,0.2857142857142857
0.5,0.25,0.25
1.81,3.61,4.43
41.1,29.6,29.3
100,15,18
0.8571428571428571,0,0.5
0.5,0,1.2857142857142858
0.97959183673469374,0,0.25
0.75,0,0.48979591836734698
 
690306
0.0,1.0,0.0
0.0,0.5,0.5
4.59,3.55,1.8
33.1,10.4,56.5
100,74,-44
0.75,0,0.5
2.0,0,0.75
0.1875,0,0.25
3.0,0,0.1875
 
712410
0.5,0.0,0.5
0.5,0.0,0.5
2.04,3.21,3.41
64.2,17.0,18.9
-70,56,52
1.0,0,1.0
1.5,0,1.5
0.0,0,0.5
1.25,0,2.25
 
678889
0.33333333333333331,0.33333333333333331,0.33333333333333331
0.0,0.33333333333333331,0.66666666666666663
2.18,3.21,3.28
21.4,9.9,68.7
31,67,-125
1.3333333333333333,0,0.6666666666666666
1.3333333333333333,0,1.5
1.5555555555555556,0,0.22222222222222224
0.22222222222222221,0,0.91666666666666663
 
678890
0.20000000000000001,0.0,0.80000000000000004
0.0,1.0,0.0
2.52,3.18,2.74
34.9,35.0,30.1
-6,-4,12
2.2,0,1.0
1.0,0,1.0
0.55999999999999994,0,0.5
0.5,0,0.80000000000000004
 
665041
0.0,0.0,1.0
0.33333333333333331,0.66666666666666663,0.0
1.58,3.97,5.78
50.6,25.1,24.3
-29,40,42
2.4,0,1.3333333333333333
1.0,0,0.4
0.64000000000000001,0,0.22222222222222221
0.0,0,0.24000000000000005
 
687755
0.0,0.0,1.0
1.0,0.0,0.0
2.18,3.5,3.21
45.2,18.7,36.1
100,47,100
4.0,0,4.0
0.6666666666666666,0,0.0
0.0,0,0.66666666666666663
0.22222222222222224,0,0.0
 
707711
0.0,1.0,0.0
0.0,0.5,0.5
3.32,3.44,2.06
21.7,37.1,41.2
37,-9,-18
1.5,0,1.5
2.0,0,1.5
0.25,0,0.25
0.0,0,0.25
 
670786
0.5,0.5,0.0
0.0,0.33333333333333331,0.66666666666666663
3.75,3.39,1.95
12.4,6.4,81.2
100,85,100
0.5,0,0.3333333333333333
1.0,0,1.0
0.25,0,0.22222222222222224
0.0,0,0.0
 
688516
1.0,0.0,0.0
0.0,1.0,0.0
2.94,3.14,2.37
47.0,34.8,18.2
100,-8,40
1.0,0,0.5
0.5,0,2.0
0.0,0,0.25
0.25,0,0.0
 
711494
0.0,0.5,0.5
0.5,0.0,0.5
3.36,3.11,2.14
30.8,24.3,45.0
100,28,-21
2.5,0,2.0
1.0,0,2.0
0.25,0,1.0
1.0,0,0.0
 
713300
0.5,0.0,0.5
0.33333333333333331,0.33333333333333331,0.33333333333333331
2.8,3.0,2.5
36.7,33.8,29.4
-13,-2,11
0.5,0,1.3333333333333333
0.6666666666666666,0,1.5
0.25,0,1.5555555555555554
0.88888888888888895,0,2.25
 
713301
0.40000000000000002,0.0,0.59999999999999998
0.33333333333333331,0.33333333333333331,0.33333333333333331
1.61,3.61,5.2
79.3,6.7,14.0
100,86,100
1.8,0,1.3333333333333333
1.0,0,1.8
0.95999999999999996,0,1.5555555555555554
0.0,0,0.56000000000000005
 
713299
1.0,0.0,0.0
0.16666666666666666,0.66666666666666663,0.16666666666666666
2.44,2.88,2.98
32.0,29.1,38.8
100,13,100
0.0,0,0.8333333333333334
0.8333333333333334,0,1.0
0.0,0,0.1388888888888889
0.13888888888888892,0,0.0
 
713302
1.0,0.0,0.0
0.33333333333333331,0.33333333333333331,0.33333333333333331
3.33,3.19,2.1
27.3,29.4,43.3
20,17,-24
2.0,0,1.0
1.0,0,4.0
0.0,0,0.66666666666666663
0.0,0,0.0
 
713298
0.0,0.5,0.5
0.0,1.0,0.0
2.64,2.96,2.67
35.9,21.4,42.7
-10,35,-26
1.5,0,1.0
1.0,0,1.0
0.25,0,1.0
1.0,0,1.0
 
713296
0.0,0.66666666666666663,0.33333333333333331
0.75,0.25,0.0
3.07,3.27,2.18
23.9,14.7,61.3
38,59,-66
1.3333333333333333,0,2.25
1.0,0,0.8333333333333334
0.88888888888888895,0,0.1875
0.5,0,0.13888888888888892
 
715346
1.0,0.0,0.0
0.20000000000000001,0.0,0.80000000000000004
3.78,3.5,1.86
37.8,38.6,23.6
-21,-28,25
0.5,0,0.8
3.4,0,3.5
0.25,0,1.3600000000000001
2.2399999999999998,0,0.25
 
715345
0.66666666666666663,0.33333333333333331,0.0
0.0,0.5,0.5
2.16,3.07,3.33
12.2,67.0,20.8
100,-115,34
0.6666666666666666,0,0.5
1.0,0,1.3333333333333333
0.88888888888888895,0,0.25
1.0,0,1.5555555555555556
 
711495
1.0,0.0,0.0
0.0,0.0,1.0
2.84,3.19,2.39
26.2,18.0,55.8
18,49,-48
0.0,0,0.5
2.0,0,1.0
0.0,0,0.75
0.5,0,0.0
 
711496
1.0,0.0,0.0
0.0,0.5,0.5
2.08,3.23,3.4
28.6,5.3,66.0
11,82,-105
0.0,0,1.0
3.0,0,1.0
0.0,0,1.0
1.0,0,0.0
 
680554
0.33333333333333331,0.33333333333333331,0.33333333333333331
0.59999999999999998,0.29999999999999999,0.10000000000000001
1.36,5.09,6.9
35.0,24.7,40.2
100,25,100
2.3333333333333335,0,2.0
0.5,0,1.6666666666666667
3.5555555555555558,0,2.6000000000000001
0.84999999999999998,0,0.22222222222222221
 
711497
0.0,1.0,0.0
0.0,0.0,1.0
3.82,3.38,1.9
22.7,30.3,46.9
100,15,-26
1.0,0,0.0
2.0,0,1.0
0.0,0,0.0
1.0,0,0.0
 
715344
0.5,0.5,0.0
0.5,0.25,0.25
2.03,3.24,3.48
23.6,15.9,60.5
100,50,-85
0.0,0,2.25
1.75,0,0.5
0.0,0,1.1875
0.1875,0,0.25
 
715343
0.0,0.0,1.0
1.0,0.0,0.0
2.33,3.16,2.91
22.8,56.8,20.4
29,-77,40
3.0,0,3.0
1.0,0,1.0
0.0,0,0.0
0.0,0,0.0
 
680555
0.0,0.0,1.0
0.5,0.0,0.5
2.08,3.5,3.25
68.4,16.3,15.3
100,58,60
3.0,0,1.1666666666666667
0.8333333333333334,0,0.0
0.0,0,0.80555555555555547
0.80555555555555547,0,0.0
 
687757
0.0,0.0,1.0
0.63636363636363635,0.27272727272727271,0.090909090909090912
1.82,3.65,4.36
82.0,7.6,10.3
100,83,77
2.0,0,2.5454545454545454
0.7272727272727273,0,1.0
0.0,0,2.6115702479338845
1.471074380165289,0,0.0
 
690307
0.66666666666666663,0.0,0.33333333333333331
0.66666666666666663,0.33333333333333331,0.0
3.9,3.48,1.97
15.2,26.2,58.6
59,32,-44
0.6666666666666666,0,1.0
0.3333333333333333,0,1.3333333333333333
0.22222222222222224,0,0.0
0.22222222222222224,0,1.5555555555555556
 
663787
0.0,0.66666666666666663,0.33333333333333331
0.625,0.375,0.0
1.53,4.16,5.54
44.2,30.4,25.4
-16,21,35
2.0,0,1.875
0.25,0,1.6666666666666667
0.66666666666666663,0,1.609375
0.4375,0,1.5555555555555556
 
666361
0.0,0.5,0.5
0.33333333333333331,0.66666666666666663,0.0
2.24,2.98,3.36
77.7,11.4,10.9
-91,71,70
2.5,0,2.0
1.3333333333333333,0,2.0
0.25,0,0.0
0.88888888888888895,0,0.0
 
673484
0.25,0.25,0.5
0.66666666666666663,0.0,0.33333333333333331
2.31,3.39,2.87
41.9,26.9,31.2
-20,22,7
1.25,0,1.0
0.6666666666666666,0,0.75
1.1875,0,0.66666666666666663
0.22222222222222224,0,0.6875
 
673479
0.5,0.25,0.25
0.40000000000000002,0.0,0.59999999999999998
2.45,3.19,2.83
16.2,55.4,28.3
100,-70,14
0.75,0,1.2
1.6,0,2.0
0.6875,0,0.56000000000000005
1.8400000000000003,0,1.5
 
673478
0.2857142857142857,0.14285714285714285,0.5714285714285714
0.5,0.5,0.0
1.56,4.0,5.49
58.6,13.6,27.8
100,68,35
1.8571428571428572,0,3.0
1.5,0,0.5714285714285714
2.693877551020408,0,1.0
0.25,0,0.53061224489795922
 
670785
1.0,0.0,0.0
0.2857142857142857,0.2857142857142857,0.42857142857142855
13.75,6.42,1.18
32.5,11.9,55.6
27,73,-13
1.25,0,1.0
0.8571428571428571,0,3.5
1.1875,0,1.7142857142857142
0.69387755102040816,0,1.25
 
663785
0.66666666666666663,0.33333333333333331,0.0
0.5,0.16666666666666666,0.33333333333333331
4.89,3.94,1.63
34.6,24.9,40.5
6,32,-14
1.0,0,1.8333333333333333
1.6666666666666667,0,3.0
2.0,0,0.80555555555555569
1.8888888888888886,0,0.66666666666666663
 
663788
0.0,0.66666666666666663,0.33333333333333331
1.0,0.0,0.0
1.8,3.74,4.03
29.5,30.6,39.9
100,5,100
1.6666666666666667,0,3.0
2.0,0,1.0
0.22222222222222221,0,0.0
0.0,0,0.66666666666666663
 
690303
0.0,1.0,0.0
0.0,0.0,1.0
2.37,3.13,3.19
43.7,14.9,41.4
100,56,-22
1.0,0,2.0
3.0,0,1.0
0.0,0,0.0
0.0,0,0.0
 
690309
1.0,0.0,0.0
1.0,0.0,0.0
3.07,3.24,2.38
29.1,16.2,54.8
100,54,100
0.0,0,1.0
0.0,0,1.0
0.0,0,0.0
0.0,0,0.0
 
690304
0.25,0.0,0.75
1.0,0.0,0.0
1.14,7.86,21.18
67.7,14.2,18.1
-13,75,68
2.5,0,3.25
0.75,0,1.375
1.0,0,2.1875
0.6875,0,1.484375
 
665042
0.5,0.0,0.5
0.25,0.25,0.5
1.88,3.51,4.17
56.6,15.6,27.9
-43,100,100
1.0,0,1.0
1.0,0,1.0
0.5,0,0.5
0.5,0,1.5
 
722490
0.0,0.0,1.0
0.0,0.0,1.0
3.09,3.02,2.29
20.8,32.1,47.1
40,14,-42
1.0,0,1.0
2.0,0,0.0
0.0,0,0.0
0.0,0,0.0
 
687758
0.20000000000000001,0.20000000000000001,0.59999999999999998
0.33333333333333331,0.66666666666666663,0.0
1.73,3.81,4.76
57.1,18.6,24.3
-38,55,42
2.6,0,1.0
0.6666666666666666,0,1.6
2.6400000000000001,0,0.0
0.22222222222222224,0,0.23999999999999999
 
663790
0.22222222222222221,0.1111111111111111,0.66666666666666663
0.66666666666666663,0.33333333333333331,0.0
1.08,11.01,22.02
52.2,12.4,35.4
100,74,100
2.4444444444444446,0,3.0
1.0,0,0.8888888888888888
3.1358024691358022,0,2.6666666666666665
2.0,0,0.54320987654320996
 
665040
0.5,0.5,0.0
0.20000000000000001,0.20000000000000001,0.59999999999999998
6.16,4.48,1.49
20.6,12.9,66.5
55,72,-35
0.5,0,1.6
2.6,0,2.0
0.25,0,1.04
1.8399999999999999,0,1.0
 
678888
0.0,0.33333333333333331,0.66666666666666663
0.5,0.25,0.25
2.16,3.17,3.36
80.4,8.2,11.4
-91,79,70
2.6666666666666665,0,1.75
1.5,0,1.3333333333333333
1.5555555555555554,0,0.6875
2.25,0,1.5555555555555554
 
663451
0.0,0.5,0.5
0.5,0.5,0.0
1.28,5.66,10.93
43.4,15.3,41.3
-14,60,-
1.5,0,1.75
0.75,0,0.375
1.25,0,1.6875
0.1875,0,0.234375
 
707707
0.0,1.0,0.0
0.5,0.0,0.5
3.78,3.38,1.93
32.4,17.1,50.5
9,53,-37
1.0,0,1.5
1.0,0,1.0
0.0,0,2.25
1.0,0,0.0
 
690308
1.0,0.0,0.0
0.0,0.0,1.0
5.03,3.87,1.68
13.4,7.4,79.2
100,85,100
0.75,0,1.0
3.3333333333333335,0,2.75
0.6875,0,0.66666666666666663
1.5555555555555554,0,3.6875
 
709929
0.5,0.5,0.0
0.0,0.5,0.5
2.63,3.17,2.6
37.8,34.7,27.5
-18,-3,19
0.5,0,1.5
3.0,0,1.0
0.25,0,2.25
0.0,0,0.0
 
709931
0.0,0.5,0.5
1.0,0.0,0.0
2.02,3.41,3.42
70.7,20.5,8.8
100,49,78
0.5,0,1.0
0.0,0,0.0
0.25,0,0.0
0.0,0,0.0
 
709927
0.5,0.5,0.0
0.66666666666666663,0.33333333333333331,0.0
2.64,3.38,2.46
36.6,3.6,59.8
100,90,-60
0.5,0,2.3333333333333335
0.6666666666666666,0,1.0
0.25,0,1.5555555555555554
0.22222222222222224,0,0.0
 
709928
0.0,0.33333333333333331,0.66666666666666663
0.59999999999999998,0.20000000000000001,0.20000000000000001
1.6,3.74,5.36
58.1,13.2,28.8
-38,67,30
1.3333333333333333,0,1.8
1.0,0,0.3333333333333333
0.55555555555555569,0,1.7600000000000002
0.40000000000000002,0,0.22222222222222224
 
709930
0.0,0.0,1.0
0.5,0.5,0.0
1.63,3.84,4.82
76.3,6.4,17.3
-52,86,63
3.0,0,3.5
2.5,0,0.5
0.5,0,0.25
0.25,0,0.75
 
723850
0.0,0.0,1.0
0.0,1.0,0.0
2.34,3.19,2.98
30.5,11.8,57.7
10,65,-73
1.0,0,1.0
1.0,0,0.0
0.0,0,0.0
0.0,0,0.0
 
697265
0.33333333333333331,0.66666666666666663,0.0
0.0,0.0,1.0
2.76,2.97,2.6
33.5,40.4,26.1
100,-21,21
1.0,0,0.0
2.0,0,1.6666666666666667
0.0,0,0.0
0.0,0,0.88888888888888895
 
687759
0.0,0.33333333333333331,0.66666666666666663
0.40000000000000002,0.20000000000000001,0.40000000000000002
1.97,3.48,3.86
70.9,13.7,15.4
-73,67,64
3.3333333333333335,0,2.2
1.4,0,1.0
1.5555555555555554,0,2.96
1.0400000000000003,0,0.66666666666666663
 
678893
0.0,0.0,1.0
0.59999999999999998,0.40000000000000002,0.0
1.12,8.04,19.71
65.5,7.9,26.6
100,86,52
2.625,0,1.4
0.4,0,0.75
1.234375,0,0.64000000000000001
0.24000000000000005,0,0.6875
 
706832
0.0,0.0,1.0
0.0,0.0,1.0
2.38,3.08,2.91
26.5,13.3,60.1
15,59,-76
2.0,0,0.0
1.0,0,1.0
0.0,0,0.0
0.0,0,0.0
 
697259
0.40000000000000002,0.40000000000000002,0.20000000000000001
0.75,0.25,0.0
2.08,3.11,3.57
61.4,26.6,12.1
-56,31,65
0.6,0,1.75
0.75,0,0.8
0.6399999999999999,0,1.6875
0.6875,0,0.56000000000000005
 
690300
0.0,0.0,1.0
0.5,0.25,0.25
1.47,4.28,7.22
62.9,12.0,25.1
-35,75,49
3.3333333333333335,0,1.5
0.75,0,1.3333333333333333
1.5555555555555556,0,1.25
0.1875,0,0.22222222222222221
 
687760
0.0,0.0,1.0
0.66666666666666663,0.33333333333333331,0.0
1.45,4.28,7.55
53.5,20.6,25.9
-21,50,33
2.625,0,1.0
0.0,0,0.5
0.984375,0,0.66666666666666663
0.0,0,0.25
 
665039
0.0,0.375,0.625
0.5,0.5,0.0
1.78,3.57,4.73
44.8,20.1,35.1
-27,46,6
2.375,0,2.0
0.0,0,0.75
3.484375,0,4.0
0.0,0,0.9375
 
725461
0.0,0.0,1.0
1.0,0.0,0.0
2.0,3.16,3.6
46.5,21.1,32.4
-29,39,10
2.25,0,3.0
0.0,0,0.25
0.1875,0,0.0
0.0,0,0.1875
 
678891
0.0,0.16666666666666666,0.83333333333333337
0.66666666666666663,0.16666666666666666,0.16666666666666666
1.39,5.01,7.86
64.2,9.7,26.1
-17,76,21
3.8333333333333335,0,2.6666666666666665
1.0,0,0.5
1.8055555555555554,0,3.8888888888888888
0.66666666666666663,0,1.25
 
714267
0.0,0.66666666666666663,0.33333333333333331
1.0,0.0,0.0
2.08,3.53,3.2
73.6,5.5,20.9
-77,86,47
1.0,0,2.6666666666666665
0.6666666666666666,0,0.6666666666666666
2.0,0,0.88888888888888884
0.22222222222222224,0,0.88888888888888895
 
712408
0.0,0.25,0.75
0.59999999999999998,0.40000000000000002,0.0
1.65,3.76,4.51
45.2,18.6,36.1
-27,51,12
1.75,0,2.0
1.2,0,0.75
0.6875,0,0.40000000000000002
0.16,0,0.1875
 
697258
0.33333333333333331,0.0,0.66666666666666663
0.0,1.0,0.0
2.12,2.95,3.64
65.5,12.7,21.9
-76,66,42
2.3333333333333335,0,1.0
1.0,0,1.3333333333333333
4.2222222222222223,0,0.0
0.0,0,0.88888888888888895
 
697254
0.33333333333333331,0.66666666666666663,0.0
0.5,0.0,0.5
2.51,3.16,2.72
48.6,11.2,40.2
-38,68,-17
0.3333333333333333,0,0.5
1.0,0,1.0
0.22222222222222224,0,0.25
1.0,0,0.66666666666666663
 
712407
0.0,0.0,1.0
0.25,0.5,0.25
2.15,3.4,2.96
44.5,16.4,39.1
100,54,100
1.0,0,1.0
1.0,0,0.0
0.0,0,1.0
1.0,0,0.0
 
706831
0.0,0.20000000000000001,0.80000000000000004
0.42857142857142855,0.2857142857142857,0.2857142857142857
1.63,3.65,4.99
48.8,9.9,41.3
-29,73,-7
1.8,0,1.2857142857142858
1.0,0,0.2
2.9600000000000004,0,1.3469387755102045
0.2857142857142857,0,0.16000000000000006
 
714264
0.59999999999999998,0.20000000000000001,0.20000000000000001
0.33333333333333331,0.33333333333333331,0.33333333333333331
2.2,3.4,3.04
64.3,16.0,19.6
-74,58,47
0.8,0,0.6666666666666666
1.0,0,2.4
0.96000000000000019,0,0.22222222222222224
0.66666666666666663,0,4.2400000000000002
 
697263
0.16666666666666666,0.0,0.83333333333333337
0.66666666666666663,0.33333333333333331,0.0
1.47,3.79,7.07
54.5,14.6,31.0
100,65,26
1.5,0,2.3333333333333335
1.0,0,0.5
0.91666666666666663,0,2.8888888888888893
0.66666666666666663,0,0.58333333333333337
 
697260
1.0,0.0,0.0
0.0,0.5,0.5
2.66,3.02,2.66
13.9,37.0,49.1
100,-13,-47
0.0,0,0.5
1.5,0,1.0
0.0,0,0.25
2.25,0,0.0
 
678887
0.5,0.5,0.0
0.5,0.16666666666666666,0.33333333333333331
2.22,2.98,3.49
42.2,22.8,35.0
-20,34,-10
2.0,0,1.1666666666666667
1.3333333333333333,0,2.5
1.0,0,0.80555555555555547
1.2222222222222221,0,0.25
 
687761
0.5,0.125,0.375
1.0,0.0,0.0
1.88,3.39,4.4
63.7,13.1,23.2
-61,70,49
1.125,0,2.5
0.5,0,1.25
0.859375,0,0.25
0.25,0,0.9375
 
665603
0.33333333333333331,0.0,0.66666666666666663
0.5,0.5,0.0
2.09,3.09,3.66
72.1,10.7,17.2
100,72,56
1.3333333333333333,0,1.0
0.0,0,0.5
0.88888888888888895,0,1.0
0.0,0,0.25
 
664175
0.0,0.14285714285714285,0.8571428571428571
0.66666666666666663,0.0,0.33333333333333331
1.18,6.71,11.53
25.8,18.6,55.6
2,30,-99
3.4285714285714284,0,2.1666666666666665
1.6666666666666667,0,0.5714285714285714
2.2448979591836733,0,1.8055555555555554
0.88888888888888895,0,0.24489795918367346
 
664174
0.0,0.33333333333333331,0.66666666666666663
0.5,0.0,0.5
1.49,4.34,5.4
14.6,33.3,52.1
40,-41,-114
1.3333333333333333,0,1.8333333333333333
1.1666666666666667,0,0.0
1.5555555555555554,0,4.4722222222222223
1.8055555555555554,0,0.0
 
664170
0.33333333333333331,0.5,0.16666666666666666
0.66666666666666663,0.33333333333333331,0.0
1.69,3.91,4.19
44.8,20.6,34.7
-23,44,11
1.6666666666666667,0,2.0
0.6666666666666666,0,2.0
0.22222222222222224,0,0.66666666666666663
0.22222222222222224,0,0.66666666666666663
 
664168
1.0,0.0,0.0
0.5,0.16666666666666666,0.33333333333333331
4.4,4.3,1.61
46.8,17.3,35.9
-35,49,-5
2.0,0,2.6666666666666665
2.6666666666666665,0,5.0
0.0,0,0.55555555555555547
2.2222222222222228,0,0.0
 
664171
0.14285714285714285,0.14285714285714285,0.7142857142857143
1.0,0.0,0.0
1.36,5.17,6.49
38.8,20.3,40.9
-9,41,-13
2.4285714285714284,0,2.0
1.0,0,0.8571428571428571
4.8163265306122449,0,0.0
0.0,0,0.4081632653061224
 
664167
0.33333333333333331,0.16666666666666666,0.5
0.80000000000000004,0.0,0.20000000000000001
1.51,4.44,5.1
23.4,29.4,47.3
100,-1,-64
1.8333333333333333,0,1.8
0.6,0,1.1666666666666667
1.8055555555555554,0,2.1600000000000001
0.64000000000000001,0,0.80555555555555569
 
709925
0.0,0.59999999999999998,0.40000000000000002
1.0,0.0,0.0
1.86,3.52,3.89
73.0,12.9,14.1
100,70,100
1.4,0,1.5
0.5,0,0.8
1.04,0,0.25
0.25,0,0.56000000000000005
 
707705
0.0,0.20000000000000001,0.80000000000000004
0.5,0.5,0.0
1.85,3.34,4.24
25.5,35.4,39.2
20,-15,-33
3.2,0,2.0
1.0,0,0.8
0.55999999999999994,0,1.0
0.0,0,1.3600000000000003
 
666356
0.20000000000000001,0.40000000000000002,0.40000000000000002
0.5,0.25,0.25
1.59,3.58,5.86
54.3,19.3,26.4
100,54,100
1.0,0,1.25
0.5,0,0.8
0.40000000000000002,0,1.1875
0.75,0,0.96000000000000019
 
707704
0.5,0.5,0.0
0.66666666666666663,0.33333333333333331,0.0
2.03,3.36,3.5
35.8,20.9,43.3
-6,37,-30
0.5,0,2.6666666666666665
0.3333333333333333,0,1.0
0.25,0,1.5555555555555554
0.22222222222222224,0,0.0
 
710149
0.5,0.5,0.0
1.0,0.0,0.0
1.79,3.54,4.09
-,-,-
-,-,-
0.5,0,1.5
0.5,0,2.0
0.25,0,0.25
0.25,0,1.0
 
664172
0.0,0.0,1.0
0.8571428571428571,0.0,0.14285714285714285
1.39,4.71,6.52
66.9,16.8,16.4
100,64,100
3.6,0,2.4285714285714284
1.0,0,1.0
2.2399999999999998,0,1.9591836734693879
0.5714285714285714,0,0.40000000000000002
 
672048
0.2857142857142857,0.14285714285714285,0.5714285714285714
1.0,0.0,0.0
2.02,3.34,3.42
71.7,2.9,25.4
-79,93,34
1.0,0,4.0
1.0,0,0.8571428571428571
0.8571428571428571,0,0.0
0.0,0,0.69387755102040793
 
668231
0.0,1.0,0.0
0.2857142857142857,0.14285714285714285,0.5714285714285714
4.36,3.44,1.81
20.3,10.2,69.6
51,75,-59
2.0,0,1.0
2.7142857142857144,0,2.0
0.0,0,1.1428571428571428
4.204081632653061,0,0.0
 
667968
0.0,1.0,0.0
1.0,0.0,0.0
2.26,3.24,3.13
44.5,23.1,32.4
100,32,100
2.0,0,2.0
1.0,0,2.0
0.0,0,0.0
0.0,0,0.0
 
667969
0.0,0.20000000000000001,0.80000000000000004
0.5714285714285714,0.42857142857142855,0.0
2.01,3.32,3.7
43.3,21.6,35.1
100,38,100
2.4,0,2.0
0.8571428571428571,0,0.6
1.04,0,2.0
0.4081632653061224,0,1.4399999999999999
 
667971
0.0,0.16666666666666666,0.83333333333333337
1.0,0.0,0.0
1.3,5.37,8.75
61.0,14.1,24.9
100,70,50
2.6666666666666665,0,3.0
0.0,0,0.3333333333333333
2.5555555555555558,0,0.0
0.0,0,0.55555555555555558
 
667974
0.0,1.0,0.0
0.66666666666666663,0.33333333333333331,0.0
1.71,3.73,4.65
42.3,29.7,28.1
100,15,22
0.0,0,2.3333333333333335
1.3333333333333333,0,0.0
0.0,0,0.22222222222222224
0.22222222222222221,0,0.0
 
667975
0.0,0.0,1.0
0.66666666666666663,0.33333333333333331,0.0
1.89,3.54,3.92
51.5,29.1,19.3
-32,21,45
1.5,0,2.0
0.0,0,0.0
0.25,0,2.6666666666666665
0.0,0,0.0
 
667976
1.0,0.0,0.0
0.5,0.5,0.0
2.31,3.14,3.15
62.8,13.3,23.9
100,63,100
1.0,0,1.0
0.5,0,2.0
0.0,0,0.0
0.25,0,0.0
 
667979
0.0,0.0,1.0
0.0,0.0,1.0
3.99,3.28,1.95
19.1,21.8,59.1
50,43,-50
2.0,0,0.0
1.0,0,0.0
0.0,0,0.0
0.0,0,0.0
 
717002
0.0,0.2857142857142857,0.7142857142857143
0.83333333333333337,0.16666666666666666,0.0
1.18,6.02,15.45
23.3,4.2,72.5
100,80,100
3.0,0,2.1666666666666665
0.3333333333333333,0,1.2857142857142858
3.1428571428571428,0,0.47222222222222215
0.22222222222222224,0,0.77551020408163274
 
717003
0.0,0.5,0.5
0.66666666666666663,0.33333333333333331,0.0
1.82,3.21,4.43
48.0,11.6,40.4
100,68,-9
0.5,0,3.0
1.0,0,0.0
0.25,0,2.0
0.66666666666666663,0,0.0
 
724604
0.0,1.0,0.0
0.5,0.0,0.5
2.22,3.23,3.01
66.2,32.5,1.4
100,16,96
1.0,0,1.0
0.5,0,1.0
0.0,0,1.0
0.25,0,0.0
 
666100
0.0,0.59999999999999998,0.40000000000000002
0.0,0.33333333333333331,0.66666666666666663
2.21,3.04,3.2
-,-,-
-,-,-
1.6,0,0.6666666666666666
1.3333333333333333,0,0.6
1.8399999999999999,0,0.88888888888888895
0.22222222222222221,0,0.24000000000000005
 
681060
0.33333333333333331,0.66666666666666663,0.0
0.5,0.0,0.5
2.18,3.04,3.24
-,-,-
-,-,-
0.6666666666666666,0,1.5
0.5,0,1.3333333333333333
0.22222222222222224,0,2.25
0.25,0,1.5555555555555556
 
681056
0.33333333333333331,0.0,0.66666666666666663
0.59999999999999998,0.20000000000000001,0.20000000000000001
2.45,3.16,2.72
-,-,-
-,-,-
1.3333333333333333,0,1.2
0.6,0,0.3333333333333333
1.5555555555555556,0,0.16
0.6399999999999999,0,0.22222222222222224
 
681057
0.25,0.25,0.5
0.0,0.0,1.0
2.27,3.04,3.05
-,-,-
-,-,-
1.0,0,1.0
2.0,0,0.75
0.5,0,0.0
0.0,0,1.6875
 
681054
0.0,0.80000000000000004,0.20000000000000001
0.25,0.25,0.5
2.54,2.95,2.75
-,-,-
-,-,-
0.8,0,1.75
2.5,0,0.2
1.3600000000000003,0,3.6875
2.75,0,0.16000000000000003
 
666095
0.16666666666666666,0.16666666666666666,0.66666666666666663
1.0,0.0,0.0
1.6,3.5,5.62
-,-,-
-,-,-
2.1666666666666665,0,3.0
1.0,0,1.0
1.8055555555555556,0,2.0
0.66666666666666663,0,0.0
 
666740
0.59999999999999998,0.20000000000000001,0.20000000000000001
1.0,0.0,0.0
3.37,3.04,2.18
-,-,-
-,-,-
1.2,0,2.0
0.0,0,3.0
0.96000000000000019,0,1.0
0.0,0,5.2000000000000002
 
681051
0.0,0.0,1.0
1.0,0.0,0.0
2.61,3.28,2.45
-,-,-
-,-,-
1.0,0,2.0
1.0,0,0.0
0.0,0,0.0
0.0,0,0.0
 
709914
0.5,0.5,0.0
0.0,0.0,1.0
2.36,3.36,2.79
45.8,11.2,43.0
-26,68,-25
2.0,0,1.0
3.0,0,3.0
0.0,0,0.0
0.0,0,1.0
 
667388
0.20000000000000001,0.20000000000000001,0.59999999999999998
1.0,0.0,0.0
1.52,4.07,5.78
70.2,7.8,22.1
-49,83,51
1.6,0,1.5
0.5,0,0.8
1.04,0,0.25
0.25,0,0.16
 
681058
0.0,0.33333333333333331,0.66666666666666663
0.0,0.5,0.5
2.13,2.96,3.46
-,-,-
-,-,-
1.6666666666666667,0,0.5
1.5,0,0.6666666666666666
0.22222222222222221,0,0.25
2.25,0,0.22222222222222224
 
666730
0.5,0.5,0.0
0.0,0.66666666666666663,0.33333333333333331
2.89,3.43,2.24
-,-,-
-,-,-
2.0,0,1.0
1.6666666666666667,0,2.5
0.0,0,0.66666666666666663
0.22222222222222221,0,0.25
 
681052
0.0,0.0,1.0
0.5,0.25,0.25
3.36,3.33,2.01
-,-,-
-,-,-
3.0,0,2.0
2.0,0,0.0
0.0,0,0.5
1.5,0,0.0
 
723072
0.0,0.10000000000000001,0.90000000000000002
0.33333333333333331,0.0,0.66666666666666663
1.25,6.54,11.04
36.4,25.7,37.9
100,26,100
3.3,0,2.3333333333333335
1.3333333333333333,0,0.9
3.6100000000000003,0,3.5555555555555558
0.88888888888888895,0,1.0900000000000003
 
723073
0.20000000000000001,0.20000000000000001,0.59999999999999998
0.0,0.0,1.0
1.66,4.18,4.9
53.4,24.6,22.0
100,42,100
2.6,0,0.0
1.0,0,1.6
2.6400000000000001,0,0.0
0.0,0,0.23999999999999999
 
667978
0.0,0.27272727272727271,0.72727272727272729
0.0,0.0,1.0
1.57,3.8,5.93
42.7,19.7,37.6
-19,46,-4
2.272727272727273,0,0.0
3.0,0,0.5454545454545454
2.1983471074380163,0,0.0
0.0,0,0.42975206611570244
 
724725
0.5,0.0,0.5
0.5,0.25,0.25
2.01,3.11,3.6
26.8,40.6,32.6
100,-30,1
1.0,0,1.75
0.75,0,1.5
1.0,0,0.6875
0.6875,0,0.25
 
724726
0.16666666666666666,0.16666666666666666,0.66666666666666663
0.0,0.33333333333333331,0.66666666666666663
1.5,3.67,6.35
31.9,10.4,57.7
100,65,-89
1.3333333333333333,0,1.0
1.6666666666666667,0,0.3333333333333333
1.2222222222222223,0,0.66666666666666663
0.88888888888888895,0,0.22222222222222224
 
714263
0.0,0.0,1.0
0.83333333333333337,0.16666666666666666,0.0
1.45,4.44,6.28
23.6,14.9,61.6
12,42,-139
2.25,0,2.8333333333333335
1.1666666666666667,0,0.75
0.1875,0,1.4722222222222223
0.13888888888888887,0,0.1875
 
719403
1.0,0.0,0.0
0.0,0.125,0.875
5.23,3.78,1.6
-,-,-
-,-,-
1.0,0,0.375
2.625,0,2.0
0.0,0,0.484375
3.734375,0,0.0
 
669825
0.0,0.33333333333333331,0.66666666666666663
0.5,0.25,0.25
2.23,3.19,3.07
-,-,-
-,-,-
1.6666666666666667,0,1.25
0.25,0,0.3333333333333333
1.5555555555555556,0,1.6875
0.1875,0,0.22222222222222224
 
688501
0.0,0.33333333333333331,0.66666666666666663
0.33333333333333331,0.33333333333333331,0.33333333333333331
1.59,3.5,6.02
36.7,22.1,41.2
100,31,-45
2.3333333333333335,0,0.6666666666666666
0.3333333333333333,0,1.3333333333333333
0.22222222222222224,0,0.88888888888888895
0.22222222222222224,0,0.22222222222222221
 
723082
1.0,0.0,0.0
0.33333333333333331,0.66666666666666663,0.0
2.23,3.6,3.03
49.0,3.3,47.8
-30,90,-41
0.0,0,1.6666666666666667
1.3333333333333333,0,2.0
0.0,0,1.5555555555555554
1.5555555555555554,0,0.0
 
717010
0.0,0.5,0.5
0.75,0.25,0.0
1.71,3.16,5.38
83.4,-,16.6
100,100,67
1.75,0,1.75
0.75,0,0.25
4.1875,0,1.6875
0.6875,0,0.1875
 
717009
1.0,0.0,0.0
0.0,1.0,0.0
3.68,3.07,2.04
30.5,-,69.5
8,100,-65
2.0,0,1.0
1.0,0,3.0
0.0,0,0.0
0.0,0,0.0
 
717012
0.33333333333333331,0.66666666666666663,0.0
0.25,0.75,0.0
2.42,2.97,2.93
50.7,25.2,24.1
100,28,100
1.0,0,1.75
1.5,0,1.3333333333333333
0.0,0,1.1875
0.75,0,0.22222222222222221
 
726221
0.5,0.0,0.5
0.0,1.0,0.0
2.4,3.14,2.86
-,-,-
-,-,-
1.0,0,1.0
1.0,0,1.0
1.0,0,0.0
0.0,0,0.0
 
670123
0.33333333333333331,0.0,0.66666666666666663
0.66666666666666663,0.33333333333333331,0.0
1.17,6.05,14.7
-,-,-
-,-,-
2.1666666666666665,0,1.6666666666666667
0.6666666666666666,0,0.8333333333333334
2.4722222222222223,0,0.22222222222222221
0.88888888888888895,0,0.47222222222222215
 
670120
0.0,0.0,1.0
0.33333333333333331,0.66666666666666663,0.0
2.45,3.21,2.68
-,-,-
-,-,-
2.5,0,2.3333333333333335
1.0,0,1.0
0.25,0,1.5555555555555554
0.66666666666666663,0,0.0
 
673492
0.0,0.33333333333333331,0.66666666666666663
0.66666666666666663,0.0,0.33333333333333331
2.32,3.31,2.88
-,-,100.0
100,100,-200
1.6666666666666667,0,1.0
0.6666666666666666,0,1.0
0.22222222222222221,0,0.66666666666666663
0.22222222222222224,0,0.0
 
669672
0.16666666666666666,0.33333333333333331,0.5
0.5,0.33333333333333331,0.16666666666666666
1.39,4.48,6.83
-,-,-
-,-,-
1.8333333333333333,0,1.6666666666666667
0.6666666666666666,0,0.8333333333333334
1.805555555555556,0,1.8888888888888886
0.55555555555555569,0,0.47222222222222215
 
669670
0.0,0.66666666666666663,0.33333333333333331
1.0,0.0,0.0
1.32,4.74,8.11
-,-,-
-,-,-
1.0,0,2.75
0.25,0,0.6666666666666666
0.66666666666666663,0,1.6875
0.1875,0,0.88888888888888895
 
669673
0.0,0.33333333333333331,0.66666666666666663
0.80000000000000004,0.20000000000000001,0.0
1.45,4.13,6.3
-,-,-
-,-,-
1.5,0,3.0
1.2,0,0.3333333333333333
0.91666666666666663,0,2.3999999999999999
1.3600000000000001,0,0.22222222222222224
 
669671
0.5,0.0,0.5
0.5,0.33333333333333331,0.16666666666666666
1.68,3.72,4.4
-,-,-
-,-,-
2.1666666666666665,0,2.5
0.8333333333333334,0,1.3333333333333333
2.1388888888888888,0,2.5833333333333335
0.47222222222222215,0,1.2222222222222221
 
666367
0.5,0.5,0.0
0.66666666666666663,0.0,0.33333333333333331
1.79,3.31,4.56
-,-,-
-,-,-
1.0,0,2.1666666666666665
1.1666666666666667,0,1.5
0.0,0,3.1388888888888893
0.80555555555555547,0,0.25
 
695710
0.25,0.25,0.5
0.5,0.33333333333333331,0.16666666666666666
1.72,3.53,4.66
-,-,-
-,-,-
1.75,0,1.5
0.5,0,1.0
0.6875,0,2.25
0.25,0,0.5
 
707718
0.0,1.0,0.0
0.5,0.0,0.5
6.17,4.18,1.47
-,-,100.0
100,100,-49
1.0,0,1.5
2.5,0,1.0
0.0,0,1.25
2.25,0,0.0
 
707719
0.0,0.33333333333333331,0.66666666666666663
0.5,0.0,0.5
2.53,3.29,2.63
59.8,27.7,12.5
-74,19,62
1.6666666666666667,0,1.5
1.5,0,0.6666666666666666
0.22222222222222221,0,0.25
0.25,0,0.22222222222222224
 
682844
1.0,0.0,0.0
0.20000000000000001,0.80000000000000004,0.0
5.89,4.27,1.48
-,-,-
-,-,-
1.0,0,1.2
1.0,0,2.0
0.0,0,0.56000000000000005
0.40000000000000002,0,0.0
 
724702
0.20000000000000001,0.20000000000000001,0.59999999999999998
0.7142857142857143,0.2857142857142857,0.0
1.43,4.25,6.64
-,-,-
-,-,-
2.0,0,2.0
0.5714285714285714,0,1.2
1.2,0,4.2857142857142856
1.1020408163265307,0,2.1599999999999993
 
665608
0.25,0.25,0.5
0.5,0.5,0.0
2.02,3.17,3.68
18.1,36.2,45.6
31,-31,-29
1.75,0,1.0
0.0,0,1.0
0.6875,0,1.0
0.0,0,0.5
 
665609
0.5,0.5,0.0
0.0,0.5,0.5
2.56,3.13,2.69
48.1,26.7,25.2
-34,26,30
0.5,0,0.5
1.5,0,1.0
0.25,0,0.25
0.25,0,0.0
 
665612
0.16666666666666666,0.5,0.33333333333333331
1.0,0.0,0.0
1.81,3.28,4.45
47.4,26.7,25.9
100,29,34
0.8333333333333334,0,2.6666666666666665
0.0,0,0.8333333333333334
0.47222222222222215,0,2.8888888888888893
0.0,0,0.47222222222222215
 
665613
0.1111111111111111,0.0,0.88888888888888884
1.0,0.0,0.0
1.53,4.11,5.53
38.1,2.6,59.3
-15,93,-71
2.4444444444444446,0,3.0
2.0,0,0.8888888888888888
1.3580246913580245,0,0.0
0.0,0,2.3209876543209869
 
665614
0.5,0.5,0.0
0.0,1.0,0.0
2.56,3.13,2.69
17.8,20.5,61.7
100,41,100
1.5,0,1.0
1.0,0,2.0
0.25,0,0.0
0.0,0,1.0
 
664180
1.0,0.0,0.0
0.59999999999999998,0.20000000000000001,0.20000000000000001
6.7,4.86,1.37
-,-,-
-,-,-
0.0,0,2.2
1.2,0,2.0
0.0,0,2.1600000000000001
0.56000000000000005,0,0.0
 
664182
0.0,0.33333333333333331,0.66666666666666663
0.5,0.5,0.0
2.6,3.54,2.37
-,-,-
-,-,-
2.3333333333333335,0,1.0
0.5,0,1.0
1.5555555555555554,0,0.0
0.25,0,0.0
 
664185
0.5,0.0,0.5
1.0,0.0,0.0
1.52,4.31,5.11
-,-,-
-,-,-
2.0,0,2.25
0.75,0,2.0
0.0,0,0.1875
0.1875,0,1.0
 
664177
0.25,0.0,0.75
0.5,0.5,0.0
2.26,3.61,2.72
-,-,-
-,-,-
3.25,0,0.5
0.0,0,2.0
1.1875,0,0.25
0.0,0,0.5
 
715359
0.0,0.0,1.0
0.0,0.5,0.5
2.47,3.03,2.81
1.9,50.5,47.6
93,-61,-46
3.0,0,0.5
1.0,0,1.0
0.0,0,0.25
1.0,0,0.0
 
715360
0.25,0.5,0.25
0.5,0.25,0.25
1.77,3.35,4.43
86.7,0.5,12.8
100,99,100
2.0,0,2.25
1.75,0,1.75
3.0,0,1.1875
0.1875,0,1.6875
 
713317
0.0,1.0,0.0
0.33333333333333331,0.66666666666666663,0.0
2.63,2.91,2.72
25.0,36.6,38.4
100,-7,-20
0.0,0,2.3333333333333335
1.3333333333333333,0,0.0
0.0,0,3.5555555555555558
0.22222222222222221,0,0.0
 
713316
0.25,0.25,0.5
1.0,0.0,0.0
1.92,3.33,3.73
46.6,7.8,45.6
100,79,100
1.5,0,3.5
0.5,0,1.0
0.75,0,2.25
0.25,0,0.5
 
711507
0.0,0.20000000000000001,0.80000000000000004
0.75,0.0,0.25
1.42,4.37,6.48
24.2,45.5,30.3
100,-59,3
1.8,0,2.5
1.5,0,0.6
0.56000000000000005,0,0.25
1.25,0,0.6399999999999999
 
714172
0.20000000000000001,0.20000000000000001,0.59999999999999998
0.5,0.5,0.0
1.86,3.61,3.68
47.0,26.7,26.3
-22,22,21
2.6,0,2.0
1.0,0,1.0
3.4399999999999999,0,0.0
1.0,0,0.40000000000000002
 
714173
0.0,0.0,1.0
1.0,0.0,0.0
2.34,3.58,2.77
66.7,15.8,17.5
100,54,33
2.0,0,1.0
0.0,0,1.0
0.0,0,0.0
0.0,0,0.0
 
715115
0.66666666666666663,0.33333333333333331,0.0
0.0,0.0,1.0
3.42,3.12,2.12
58.2,17.2,24.6
-82,44,20
0.0,0,2.0
3.0,0,1.3333333333333333
0.0,0,0.0
0.0,0,0.88888888888888895
 
715116
0.33333333333333331,0.0,0.66666666666666663
0.0,0.5,0.5
2.27,3.16,3.04
54.1,20.9,25.0
100,42,31
0.6666666666666666,0,1.5
2.0,0,0.3333333333333333
0.22222222222222224,0,0.25
0.0,0,0.22222222222222224
 
715126
0.20000000000000001,0.20000000000000001,0.59999999999999998
0.33333333333333331,0.0,0.66666666666666663
2.41,3.13,2.82
38.7,19.4,41.9
100,43,100
2.0,0,1.3333333333333333
1.6666666666666667,0,1.4
1.2,0,0.88888888888888895
0.88888888888888895,0,1.04
 
715125
0.25,0.5,0.25
0.59999999999999998,0.40000000000000002,0.0
2.11,3.07,3.44
47.9,27.9,24.3
100,21,100
1.0,0,1.0
0.4,0,1.0
0.5,0,0.40000000000000002
0.24000000000000005,0,0.0
 
715135
0.75,0.0,0.25
0.5,0.0,0.5
4.66,3.98,1.61
43.5,38.4,18.1
100,-41,33
0.75,0,1.0
1.5,0,1.75
0.6875,0,1.0
0.25,0,1.6875
 
715145
0.0,0.5,0.5
0.0,0.0,1.0
2.85,3.18,2.36
59.8,9.5,30.6
-65,70,4
2.5,0,0.6
2.0,0,2.0
0.25,0,0.6399999999999999
0.40000000000000002,0,0.0
 
715146
0.0,0.5,0.5
0.5,0.5,0.0
1.77,3.49,4.27
18.3,35.6,46.1
100,-26,100
1.5,0,2.25
1.75,0,1.0
2.25,0,1.6875
2.1875,0,1.0
 
690321
0.83333333333333337,0.16666666666666666,0.0
0.0,1.0,0.0
5.86,4.27,1.54
27.6,14.7,57.7
26,64,-27
0.6666666666666666,0,1.0
1.0,0,3.0
0.55555555555555569,0,0.0
0.0,0,1.3333333333333333
 
663802
0.0,0.27272727272727271,0.72727272727272729
0.5,0.5,0.0
1.64,4.2,4.44
41.0,12.9,46.1
100,64,-27
2.8181818181818183,0,1.5
1.0,0,1.0909090909090908
1.7851239669421484,0,0.25
0.0,0,0.99173553719008256
 
663803
0.66666666666666663,0.33333333333333331,0.0
0.0,0.33333333333333331,0.66666666666666663
5.65,4.69,1.47
30.5,16.8,52.6
31,60,-26
1.3333333333333333,0,2.0
3.0,0,3.0
0.22222222222222221,0,0.66666666666666663
0.66666666666666663,0,2.0
 
707724
1.0,0.0,0.0
1.0,0.0,0.0
2.7,3.21,2.53
31.1,35.2,33.7
100,-5,-11
0.0,0,3.0
0.0,0,1.0
0.0,0,0.0
0.0,0,0.0
 
707726
0.0,1.0,0.0
0.5,0.5,0.0
3.52,3.26,2.06
15.1,14.3,70.5
100,64,100
1.0,0,1.0
0.5,0,1.0
0.0,0,1.0
0.25,0,0.0
 
687780
0.25,0.0,0.75
0.59999999999999998,0.20000000000000001,0.20000000000000001
1.6,3.87,5.91
39.0,22.8,38.2
-15,38,-13
2.0,0,1.8
1.0,0,1.25
0.5,0,0.56000000000000005
0.80000000000000004,0,0.1875
 
687776
0.66666666666666663,0.33333333333333331,0.0
0.5,0.5,0.0
2.05,3.18,4.0
57.1,31.0,11.9
-41,17,66
0.0,0,0.5
0.0,0,0.6666666666666666
0.0,0,0.25
0.0,0,0.22222222222222224
 
663673
0.0,0.5,0.5
0.66666666666666663,0.0,0.33333333333333331
2.09,3.56,3.2
62.1,27.6,10.2
100,28,73
1.0,0,2.3333333333333335
1.6666666666666667,0,0.5
1.0,0,2.8888888888888893
0.88888888888888895,0,0.25
 
723914
0.5,0.0,0.5
0.33333333333333331,0.33333333333333331,0.33333333333333331
2.81,3.21,2.45
45.7,30.2,24.1
100,7,30
0.5,0,1.6666666666666667
1.3333333333333333,0,0.5
0.25,0,1.5555555555555556
0.22222222222222221,0,0.25
 
723855
0.0,0.5,0.5
0.0,0.33333333333333331,0.66666666666666663
2.09,3.26,3.43
12.6,20.4,66.9
58,30,-138
1.0,0,1.3333333333333333
2.0,0,0.5
1.0,0,1.5555555555555554
0.66666666666666663,0,0.25
 
663468
0.66666666666666663,0.0,0.33333333333333331
0.2857142857142857,0.0,0.7142857142857143
4.44,3.77,1.79
16.9,10.5,72.6
61,76,-59
0.6666666666666666,0,1.1428571428571428
2.142857142857143,0,2.3333333333333335
0.88888888888888895,0,0.69387755102040816
2.1224489795918369,0,1.5555555555555556
 
717050
0.0,0.33333333333333331,0.66666666666666663
1.0,0.0,0.0
2.0,3.29,3.89
24.9,50.3,24.9
19,-52,27
1.0,0,3.0
2.0,0,0.3333333333333333
0.0,0,0.0
0.0,0,0.22222222222222224
 
690320
0.16666666666666666,0.0,0.83333333333333337
0.5,0.25,0.25
1.35,4.93,9.27
53.2,18.2,28.6
100,56,100
2.1666666666666665,0,1.5
0.75,0,0.8333333333333334
2.1388888888888888,0,2.25
0.6875,0,0.80555555555555547
 
690322
0.5,0.5,0.0
0.0,0.0,1.0
11.25,4.92,1.31
31.3,18.9,49.8
28,57,-18
0.5,0,0.6666666666666666
2.6666666666666665,0,1.5
0.25,0,0.88888888888888895
1.5555555555555554,0,0.25
 
690325
0.2857142857142857,0.0,0.7142857142857143
0.83333333333333337,0.0,0.16666666666666666
1.19,6.82,15.67
47.7,29.8,22.5
-11,38,58
2.4285714285714284,0,2.1666666666666665
0.6666666666666666,0,1.4285714285714286
1.1020408163265307,0,1.4722222222222221
0.55555555555555569,0,1.6734693877551019
 
690326
0.0,0.0,1.0
0.80000000000000004,0.20000000000000001,0.0
1.72,3.73,4.85
61.1,11.4,27.5
100,72,100
5.0,0,1.8
0.6,0,0.0
0.0,0,0.56000000000000005
0.24000000000000005,0,0.0
 
663804
0.0,0.0,1.0
1.0,0.0,0.0
2.09,3.54,3.2
61.9,14.1,24.0
100,63,100
2.0,0,1.5
0.5,0,1.0
0.0,0,0.25
0.25,0,0.0
 
663808
0.5,0.0,0.5
0.5,0.0,0.5
4.48,3.88,1.69
16.7,17.0,66.3
100,59,-46
2.5,0,1.8333333333333333
2.3333333333333335,0,1.0
6.25,0,0.80555555555555569
3.2222222222222228,0,1.0
 
722483
0.5,0.0,0.5
0.071428571428571425,0.071428571428571425,0.8571428571428571
17.4,8.26,1.13
21.8,9.5,68.7
100,84,100
1.0,0,0.8571428571428571
2.642857142857143,0,1.5
0.0,0,0.55102040816326514
2.0867346938775513,0,2.25
 
687778
0.40000000000000002,0.20000000000000001,0.40000000000000002
1.0,0.0,0.0
1.18,7.56,13.31
46.4,14.7,38.9
-9,61,9
2.2,0,2.0
0.0,0,1.8
2.96,0,0.0
0.0,0,0.56000000000000005
 
720654
0.25,0.25,0.5
0.375,0.25,0.375
1.4,4.37,7.34
53.8,17.3,28.9
-30,62,41
2.0,0,1.5
1.375,0,1.0
2.5,0,1.0
0.484375,0,0.5
 
717005
0.0,0.33333333333333331,0.66666666666666663
0.0,1.0,0.0
2.46,2.98,2.93
35.6,40.4,23.9
-9,-22,28
1.3333333333333333,0,1.3333333333333333
1.3333333333333333,0,0.6666666666666666
0.22222222222222221,0,0.22222222222222221
0.22222222222222221,0,0.22222222222222224
 
720666
0.14285714285714285,0.42857142857142855,0.42857142857142855
1.0,0.0,0.0
1.4,4.12,8.01
50.1,13.2,36.7
-26,68,12
1.4285714285714286,0,3.0
0.0,0,0.7142857142857143
0.81632653061224492,0,0.0
0.0,0,0.48979591836734693
 
720703
0.59999999999999998,0.20000000000000001,0.20000000000000001
0.5,0.0,0.5
2.08,2.97,3.77
67.3,11.9,20.8
-79,69,49
0.8,0,1.5
0.5,0,1.2
0.56000000000000005,0,2.25
0.25,0,0.56000000000000005
 
666346
0.14285714285714285,0.2857142857142857,0.5714285714285714
1.0,0.0,0.0
1.47,3.97,6.92
16.9,18.8,64.3
25,19,-181
1.7142857142857142,0,2.3333333333333335
0.3333333333333333,0,0.8571428571428571
1.9183673469387752,0,0.22222222222222224
0.22222222222222224,0,0.4081632653061224
 
666343
0.25,0.5,0.25
0.5,0.5,0.0
1.63,3.43,5.81
17.8,12.5,69.7
100,48,100
1.25,0,1.5
1.0,0,1.25
0.1875,0,2.25
1.0,0,0.6875
 
666340
0.0,0.0,1.0
0.16666666666666666,0.66666666666666663,0.16666666666666666
1.38,4.23,8.68
28.6,35.2,36.2
100,-11,-8
3.6666666666666665,0,0.6666666666666666
0.3333333333333333,0,0.0
4.2222222222222223,0,1.2222222222222223
0.22222222222222229,0,0.0
 
663671
0.0,0.75,0.25
0.5,0.5,0.0
1.45,4.68,5.93
47.3,27.0,25.7
-16,29,31
1.75,0,2.0
1.5,0,1.5
0.6875,0,1.0
0.25,0,1.25
 
707722
0.33333333333333331,0.0,0.66666666666666663
0.40000000000000002,0.20000000000000001,0.40000000000000002
2.17,3.55,2.97
73.1,16.0,10.9
-86,59,72
1.6666666666666667,0,1.6
1.4,0,1.6666666666666667
1.5555555555555554,0,2.6399999999999997
0.23999999999999999,0,0.22222222222222221
 
707720
1.0,0.0,0.0
0.0,0.0,1.0
3.08,3.38,2.2
16.5,14.5,69.1
100,61,100
0.0,0,2.0
3.0,0,1.5
0.0,0,0.0
0.0,0,0.25
 
707721
0.0,0.25,0.75
1.0,0.0,0.0
1.92,3.38,3.84
40.5,41.1,18.4
100,-19,100
1.5,0,1.5
0.0,0,0.5
0.75,0,0.25
0.0,0,0.25
 
687772
0.0,0.0,1.0
0.5714285714285714,0.2857142857142857,0.14285714285714285
2.06,3.26,3.88
61.1,16.9,22.0
100,54,100
1.3333333333333333,0,2.857142857142857
1.4285714285714286,0,0.0
0.22222222222222221,0,5.2653061224489788
0.81632653061224481,0,0.0
 
687779
0.0,0.0,1.0
1.0,0.0,0.0
3.07,3.25,2.39
20.6,24.1,55.3
46,32,-64
3.0,0,3.0
1.0,0,0.0
0.0,0,0.0
0.0,0,0.0
 
723856
0.0,0.0,1.0
0.5,0.25,0.25
1.42,4.38,6.93
54.0,15.0,31.0
-30,69,37
3.0,0,1.5
1.5,0,0.75
2.25,0,0.75
2.25,0,0.6875
 
663429
1.0,0.0,0.0
0.0,0.5,0.5
4.33,3.47,1.89
12.5,9.0,78.5
72,79,-71
0.0,0,0.5
1.0,0,1.0
0.0,0,0.25
1.0,0,0.0
 
663473
0.0,1.0,0.0
0.0,1.0,0.0
2.34,3.39,3.06
49.1,20.8,30.1
-42,42,17
0.0,0,2.0
2.0,0,0.0
0.0,0,0.0
0.0,0,0.0
 
668546
0.0,0.42857142857142855,0.5714285714285714
0.25,0.5,0.25
1.41,4.44,7.27
63.1,14.7,22.2
100,69,53
1.8571428571428572,0,1.25
1.25,0,0.8571428571428571
0.4081632653061224,0,1.1875
1.1875,0,1.2653061224489794
 
663805
0.125,0.125,0.75
0.5,0.5,0.0
1.12,8.58,17.31
63.2,11.0,25.8
-11,80,52
2.625,0,2.1666666666666665
1.0,0,0.75
3.234375,0,1.8055555555555554
0.66666666666666663,0,0.4375
 
687773
0.0,0.0,1.0
0.63636363636363635,0.27272727272727271,0.090909090909090912
1.35,5.19,8.09
45.6,23.7,30.7
-13,37,20
2.0,0,2.3636363636363638
0.7272727272727273,0,1.0
1.0,0,2.776859504132231
1.471074380165289,0,1.0
 
687777
0.0,0.0,1.0
0.66666666666666663,0.22222222222222221,0.1111111111111111
1.88,3.33,4.47
52.8,22.3,24.9
-40,100,100
2.0,0,1.1111111111111112
0.4444444444444444,0,1.0
0.0,0,0.54320987654320996
0.46913580246913583,0,0.0
 
720678
0.0,0.0,1.0
0.20000000000000001,0.20000000000000001,0.59999999999999998
1.52,3.87,6.03
45.8,36.2,18.0
100,9,60
3.0,0,1.2
1.4,0,1.25
0.5,0,1.3600000000000001
1.04,0,0.1875
 
724732
0.0,0.40000000000000002,0.59999999999999998
0.5714285714285714,0.2857142857142857,0.14285714285714285
1.71,3.37,4.72
51.4,23.0,25.7
-31,40,34
1.4,0,1.1428571428571428
0.5714285714285714,0,0.2
1.4399999999999999,0,0.69387755102040816
0.53061224489795922,0,0.16000000000000003
 
720679
0.0,1.0,0.0
0.0,1.0,0.0
3.21,3.16,2.2
17.0,44.8,38.2
49,-31,-12
1.0,0,0.0
0.0,0,1.0
0.0,0,0.0
0.0,0,0.0
 
706856
0.0,0.0,1.0
0.0,0.33333333333333331,0.66666666666666663
2.03,3.24,3.5
82.5,9.3,8.2
-93,78,81
1.0,0,0.3333333333333333
1.3333333333333333,0,0.0
0.0,0,0.22222222222222224
0.88888888888888895,0,0.0
 
714294
0.125,0.375,0.5
0.33333333333333331,0.0,0.66666666666666663
1.52,3.92,6.1
18.6,25.0,56.3
23,3,-120
1.75,0,1.6666666666666667
1.6666666666666667,0,1.25
0.9375,0,4.2222222222222223
1.5555555555555554,0,0.1875
 
697286
0.33333333333333331,0.33333333333333331,0.33333333333333331
0.25,0.0,0.75
2.33,2.87,3.26
43.2,31.5,25.3
100,10,100
1.3333333333333333,0,0.75
1.25,0,1.3333333333333333
0.22222222222222221,0,0.6875
0.1875,0,1.5555555555555556
 
706857
1.0,0.0,0.0
0.20000000000000001,0.40000000000000002,0.40000000000000002
3.34,3.23,2.09
19.9,25.7,54.5
43,28,-44
0.0,0,1.2
2.2,0,2.0
0.0,0,0.96000000000000019
3.7600000000000002,0,0.0
 
712421
0.0,0.0,1.0
1.0,0.0,0.0
2.09,3.3,3.2
24.1,13.6,62.3
21,55,-97
1.5,0,1.5
0.5,0,0.5
0.25,0,0.25
0.25,0,0.25
 
697289
0.33333333333333331,0.0,0.66666666666666663
0.77777777777777779,0.1111111111111111,0.1111111111111111
1.23,5.63,12.03
46.8,17.9,35.2
-9,51,2
1.3333333333333333,0,2.3333333333333335
0.5555555555555556,0,1.0
1.5555555555555556,0,1.3333333333333333
1.5802469135802473,0,0.66666666666666663
 
678907
0.0,0.0,1.0
0.80000000000000004,0.20000000000000001,0.0
1.3,5.12,9.16
49.0,18.0,33.0
-18,56,23
2.2857142857142856,0,2.4
0.2,0,0.2857142857142857
0.48979591836734698,0,2.6400000000000001
0.16000000000000006,0,0.20408163265306126
 
665057
1.0,0.0,0.0
0.16666666666666666,0.16666666666666666,0.66666666666666663
7.68,4.95,1.38
34.7,21.0,44.3
-1,42,-12
1.0,0,1.6666666666666667
3.0,0,2.0
0.0,0,0.88888888888888884
2.3333333333333335,0,0.0
 
687789
0.0,0.5,0.5
0.0,0.0,1.0
2.37,3.2,3.12
64.8,16.6,18.6
100,54,47
1.0,0,2.0
3.0,0,0.0
1.0,0,0.0
0.0,0,0.0
 
668000
0.0,0.0,1.0
0.20000000000000001,0.40000000000000002,0.40000000000000002
3.03,3.35,2.28
30.1,23.5,46.4
14,34,-36
3.0,0,1.2
1.6,0,1.0
0.0,0,0.16000000000000006
1.0400000000000003,0,0.0
 
723887
0.20000000000000001,0.40000000000000002,0.40000000000000002
1.0,0.0,0.0
1.58,4.03,5.07
73.2,11.4,15.4
-46,76,66
2.4,0,2.0
1.0,0,1.2
2.2399999999999998,0,0.0
0.0,0,0.56000000000000005
 
673190
0.0,1.0,0.0
1.0,0.0,0.0
1.77,3.72,4.56
59.8,24.4,15.8
100,37,100
1.5,0,2.5
0.25,0,1.5
0.25,0,0.75
0.1875,0,0.25
 
664194
0.0,0.16666666666666666,0.83333333333333337
0.80000000000000004,0.0,0.20000000000000001
1.17,6.98,11.94
37.2,16.1,46.7
100,53,100
3.3333333333333335,0,1.8
0.6,0,0.6666666666666666
2.8888888888888888,0,2.1600000000000001
0.64000000000000001,0,0.22222222222222224
 
664193
0.0,0.20000000000000001,0.80000000000000004
0.625,0.375,0.0
1.54,4.31,4.88
59.6,19.6,20.8
-32,54,52
2.2,0,1.875
0.5,0,0.6
0.55999999999999994,0,1.359375
0.25,0,0.24000000000000005
 
664192
0.66666666666666663,0.0,0.33333333333333331
0.25,0.25,0.5
8.32,5.51,1.28
39.9,12.3,47.8
12,70,-16
1.0,0,1.0
0.75,0,1.6666666666666667
0.66666666666666663,0,1.5
0.1875,0,0.55555555555555569
 
664195
1.0,0.0,0.0
0.0,0.0,1.0
3.04,3.87,2.01
52.6,15.2,32.2
-47,55,3
1.0,0,0.5
3.0,0,2.0
0.0,0,0.25
1.0,0,0.0
 
664189
0.0,0.0,1.0
0.5,0.0,0.5
2.25,3.94,2.57
15.1,26.2,58.8
100,20,-74
3.0,0,2.0
2.0,0,2.0
0.0,0,4.0
4.0,0,0.0
 
664188
1.0,0.0,0.0
0.0,0.0,1.0
4.0,3.97,1.71
14.2,9.8,76.0
100,78,-56
2.0,0,2.0
3.0,0,5.0
0.0,0,0.0
0.0,0,0.0
 
664190
0.14285714285714285,0.0,0.8571428571428571
0.0,0.0,1.0
1.47,4.67,5.2
21.1,27.2,51.8
23,-2,-92
2.4285714285714284,0,2.0
3.0,0,0.7142857142857143
4.816326530612244,0,0.0
0.0,0,0.48979591836734693
 
664187
0.2857142857142857,0.14285714285714285,0.5714285714285714
0.80000000000000004,0.20000000000000001,0.0
1.34,5.05,6.95
19.9,21.0,59.0
100,13,-146
2.142857142857143,0,2.2
0.4,0,1.1428571428571428
2.1224489795918369,0,1.3599999999999999
0.24000000000000005,0,0.69387755102040816
 
665625
0.66666666666666663,0.0,0.33333333333333331
0.0,0.5,0.5
2.68,3.18,2.55
20.1,36.7,43.2
41,-8,-31
1.3333333333333333,0,0.75
2.0,0,2.3333333333333335
3.5555555555555558,0,0.6875
2.5,0,1.5555555555555554
 
665626
0.083333333333333329,0.083333333333333329,0.83333333333333337
1.0,0.0,0.0
1.7,3.45,5.03
33.8,24.7,41.5
-2,23,-34
2.25,0,2.0
0.0,0,0.4166666666666667
2.3541666666666665,0,0.0
0.0,0,0.24305555555555555
 
665622
0.0,1.0,0.0
0.5714285714285714,0.2857142857142857,0.14285714285714285
2.25,3.13,3.2
7.8,40.2,52.0
100,-35,100
3.0,0,1.8571428571428572
1.4285714285714286,0,3.0
0.0,0,1.2653061224489794
1.3877551020408163,0,0.0
 
665619
0.0,0.0,1.0
0.5714285714285714,0.14285714285714285,0.2857142857142857
1.7,3.69,4.56
41.7,30.3,28.0
100,16,100
3.3333333333333335,0,1.8571428571428572
0.8571428571428571,0,1.6666666666666667
1.5555555555555554,0,2.1224489795918369
0.69387755102040816,0,0.88888888888888895
 
665627
0.33333333333333331,0.0,0.66666666666666663
0.0,0.33333333333333331,0.66666666666666663
2.57,3.25,2.62
13.9,50.7,35.4
100,-55,100
1.3333333333333333,0,0.6666666666666666
1.3333333333333333,0,2.0
1.5555555555555556,0,0.22222222222222224
0.22222222222222221,0,2.6666666666666665
 
665623
0.33333333333333331,0.33333333333333331,0.33333333333333331
0.80000000000000004,0.0,0.20000000000000001
1.45,4.32,6.49
13.6,27.2,59.2
35,-15,-150
1.0,0,2.4
1.2,0,0.8333333333333334
0.66666666666666663,0,0.64000000000000001
0.56000000000000005,0,1.1388888888888888
 
665620
0.0,0.5,0.5
0.40000000000000002,0.20000000000000001,0.40000000000000002
1.5,3.98,6.23
8.5,15.3,76.2
100,18,100
1.75,0,1.6
1.0,0,1.0
1.6875,0,2.6399999999999997
0.0,0,0.5
 
665618
0.5,0.5,0.0
0.0,0.5,0.5
4.34,3.73,1.73
11.6,27.8,60.7
100,31,100
1.0,0,1.5
3.0,0,2.0
1.0,0,0.25
1.0,0,0.0
 
665621
1.0,0.0,0.0
0.66666666666666663,0.16666666666666666,0.16666666666666666
1.88,3.26,4.18
64.0,24.9,11.1
100,41,74
0.5,0,2.0
1.5,0,2.0
0.25,0,0.33333333333333331
0.91666666666666663,0,0.0
 
665061
0.5,0.5,0.0
0.33333333333333331,0.33333333333333331,0.33333333333333331
2.29,3.09,3.35
61.6,21.8,16.6
-65,40,53
0.5,0,1.6666666666666667
1.6666666666666667,0,2.0
0.25,0,0.22222222222222221
0.22222222222222221,0,1.0
 
673498
0.0,0.33333333333333331,0.66666666666666663
0.5,0.5,0.0
2.88,3.28,2.36
32.0,28.4,39.6
13,19,-29
2.3333333333333335,0,1.0
0.0,0,0.3333333333333333
2.8888888888888893,0,1.0
0.0,0,0.22222222222222224
 
673496
0.5,0.25,0.25
0.66666666666666663,0.33333333333333331,0.0
2.42,3.29,2.79
32.8,27.6,39.6
100,17,-19
0.75,0,2.3333333333333335
1.0,0,2.0
0.6875,0,2.8888888888888893
0.66666666666666663,0,1.5
 
726557
0.0,0.0,1.0
0.2857142857142857,0.14285714285714285,0.5714285714285714
1.69,3.8,4.53
35.9,40.7,23.4
-4,-16,33
1.5,0,1.1428571428571428
1.4285714285714286,0,0.0
0.75,0,0.4081632653061224
1.1020408163265307,0,0.0
