 
695762
0.0,0.0,1.0
0.0,1.0,0.0
2.25,3.01,3.3
22.2,35.1,42.6
100,-10,100
2.5,0,0.0
0.0,0,0.5
0.25,0,0.0
0.0,0,0.25
 
695756
0.0,1.0,0.0
0.33333333333333331,0.66666666666666663,0.0
2.27,3.04,3.23
14.5,65.6,19.9
53,-104,36
0.0,0,1.6666666666666667
1.3333333333333333,0,0.0
0.0,0,0.88888888888888895
1.5555555555555554,0,0.0
 
695757
0.16666666666666666,0.33333333333333331,0.5
0.59999999999999998,0.0,0.40000000000000002
1.65,3.63,5.04
18.5,75.3,6.2
100,-139,80
1.6666666666666667,0,2.0
1.0,0,1.1666666666666667
0.88888888888888895,0,2.0
0.80000000000000004,0,1.1388888888888891
 
695760
0.16666666666666666,0.16666666666666666,0.66666666666666663
0.625,0.0,0.375
1.36,4.36,8.69
68.1,11.4,20.4
-30,77,61
2.3333333333333335,0,1.5
0.5,0,1.0
1.2222222222222223,0,1.75
0.5,0,2.0
 
695765
0.66666666666666663,0.0,0.33333333333333331
0.75,0.25,0.0
2.01,3.11,3.84
35.7,42.8,21.5
-6,-23,37
0.3333333333333333,0,2.5
0.5,0,1.3333333333333333
0.22222222222222224,0,1.25
0.25,0,1.5555555555555556
 
726235
0.5,0.25,0.25
0.0,0.0,1.0
3.29,3.17,2.15
-,-,-
-,-,-
0.75,0,0.0
3.0,0,1.0
0.1875,0,0.0
0.0,0,0.5
 
710188
0.0,0.25,0.75
0.5714285714285714,0.2857142857142857,0.14285714285714285
1.95,3.42,3.55
-,-,-
-,-,-
3.0,0,1.8571428571428572
1.0,0,0.25
5.0,0,1.551020408163265
2.8571428571428572,0,0.1875
 
666782
0.20000000000000001,0.0,0.80000000000000004
0.5,0.25,0.25
1.43,4.46,6.23
-,-,-
-,-,-
2.8,0,1.75
0.75,0,1.0
2.1600000000000001,0,2.1875
0.6875,0,1.6000000000000001
 
666786
0.66666666666666663,0.0,0.33333333333333331
0.0,0.0,1.0
2.59,3.18,2.59
-,-,-
-,-,-
1.3333333333333333,0,0.0
6.0,0,1.6666666666666667
0.22222222222222221,0,0.0
0.0,0,1.5555555555555554
 
666784
0.66666666666666663,0.33333333333333331,0.0
0.5,0.0,0.5
2.35,3.15,2.92
-,-,-
-,-,-
1.6666666666666667,0,2.0
2.0,0,2.6666666666666665
0.88888888888888895,0,0.0
4.0,0,0.22222222222222224
 
666783
0.25,0.25,0.5
1.0,0.0,0.0
1.68,3.53,4.83
-,-,-
-,-,-
1.5,0,2.5
1.0,0,1.25
0.25,0,0.25
1.0,0,0.6875
 
666781
0.0,0.5,0.5
0.0,1.0,0.0
2.67,3.34,2.42
-,-,-
-,-,-
1.0,0,2.0
2.0,0,0.5
0.0,0,0.0
0.0,0,0.25
 
673214
0.42857142857142855,0.2857142857142857,0.2857142857142857
1.0,0.0,0.0
1.68,3.99,4.82
23.8,20.0,56.2
100,31,100
1.5714285714285714,0,2.5
0.25,0,1.5714285714285714
0.24489795918367346,0,0.75
0.1875,0,0.81632653061224492
 
673212
0.0,0.33333333333333331,0.66666666666666663
0.076923076923076927,0.0,0.92307692307692313
9.2,5.83,1.29
22.3,18.5,59.2
49,59,-18
1.6666666666666667,0,0.6923076923076923
3.076923076923077,0,0.6666666666666666
0.22222222222222221,0,0.52071005917159752
3.3017751479289936,0,0.88888888888888895
 
673208
0.0,1.0,0.0
0.42857142857142855,0.5714285714285714,0.0
1.91,3.53,4.04
29.6,30.8,39.6
100,6,100
1.5,0,2.142857142857143
1.4285714285714286,0,1.5
0.25,0,0.69387755102040816
0.81632653061224492,0,0.25
 
673210
0.0,0.0,1.0
0.66666666666666663,0.33333333333333331,0.0
1.95,3.7,3.68
48.3,18.2,33.5
100,50,2
2.4,0,1.6666666666666667
0.3333333333333333,0,0.4
0.64000000000000001,0,0.22222222222222221
0.22222222222222224,0,0.24000000000000005
 
673211
0.33333333333333331,0.33333333333333331,0.33333333333333331
0.0,0.5,0.5
3.26,3.29,2.26
29.3,20.0,50.7
100,45,100
0.6666666666666666,0,1.0
2.0,0,1.0
0.22222222222222224,0,1.0
0.0,0,0.66666666666666663
 
673213
0.66666666666666663,0.33333333333333331,0.0
0.0,0.0,1.0
2.62,3.29,2.69
42.0,29.4,28.6
-25,14,14
1.0,0,0.0
2.0,0,2.0
0.0,0,0.0
0.0,0,0.66666666666666663
 
673209
0.14285714285714285,0.2857142857142857,0.5714285714285714
0.5,0.5,0.0
1.32,5.41,8.86
63.2,19.5,17.3
-25,63,67
2.2857142857142856,0,1.5
0.5,0,1.4285714285714286
1.0612244897959184,0,0.25
0.25,0,1.9591836734693877
 
673216
0.0,1.0,0.0
0.66666666666666663,0.33333333333333331,0.0
2.97,3.63,2.26
33.5,12.9,53.6
11,64,-50
0.0,0,2.0
1.0,0,0.0
0.0,0,0.66666666666666663
2.0,0,0.0
 
663488
0.33333333333333331,0.33333333333333331,0.33333333333333331
0.7142857142857143,0.14285714285714285,0.14285714285714285
2.06,3.45,3.67
35.5,40.9,23.6
100,-21,27
1.6666666666666667,0,2.4285714285714284
0.7142857142857143,0,1.6666666666666667
0.22222222222222221,0,2.5306122448979593
0.48979591836734687,0,0.22222222222222221
 
663493
0.0,1.0,0.0
0.59999999999999998,0.20000000000000001,0.20000000000000001
2.28,3.37,3.19
48.3,16.1,35.6
-37,55,-1
0.0,0,2.4
1.6,0,0.0
0.0,0,1.04
2.6400000000000001,0,0.0
 
663496
0.20000000000000001,0.20000000000000001,0.59999999999999998
0.0,0.5,0.5
2.25,3.28,3.33
47.9,23.0,29.1
-34,35,14
1.6,0,1.0
1.5,0,1.0
0.23999999999999999,0,1.0
0.25,0,0.80000000000000004
 
663497
0.5,0.5,0.0
0.0,0.40000000000000002,0.59999999999999998
7.11,4.41,1.47
43.4,18.4,38.2
-29,48,-12
1.5,0,0.8
2.0,0,2.0
0.25,0,0.56000000000000005
0.40000000000000002,0,0.0
 
669120
0.75,0.0,0.25
0.33333333333333331,0.66666666666666663,0.0
2.07,3.39,3.37
60.0,13.8,26.2
100,62,100
1.0,0,1.0
0.3333333333333333,0,1.25
1.5,0,0.66666666666666663
0.22222222222222224,0,0.1875
 
669122
0.0,0.0,1.0
0.2857142857142857,0.5714285714285714,0.14285714285714285
2.07,2.46,5.19
12.4,58.2,29.4
100,-85,4
2.4,0,1.1428571428571428
1.1428571428571428,0,0.4
1.4399999999999999,0,0.4081632653061224
1.5510204081632655,0,0.24000000000000005
 
669130
1.0,0.0,0.0
0.25,0.5,0.25
2.79,3.56,2.31
24.5,16.4,59.1
31,54,-62
0.5,0,2.25
2.0,0,2.5
0.25,0,1.6875
3.0,0,0.25
 
669127
0.0,0.5,0.5
0.0,0.5,0.5
2.25,3.46,2.93
55.7,13.4,30.9
-54,64,13
1.0,0,1.0
1.5,0,0.5
1.0,0,1.0
0.25,0,0.25
 
669131
0.20000000000000001,0.20000000000000001,0.59999999999999998
0.75,0.25,0.0
1.41,4.53,6.91
40.9,11.2,47.9
-12,68,-36
2.0,0,2.25
0.75,0,1.6
0.80000000000000004,0,1.1875
0.6875,0,1.8399999999999999
 
669121
0.0,0.5,0.5
0.33333333333333331,0.33333333333333331,0.33333333333333331
1.57,4.16,5.1
-,-,-
-,-,-
2.0,0,2.3333333333333335
1.6666666666666667,0,1.0
1.0,0,0.88888888888888895
0.88888888888888873,0,0.0
 
669128
0.0,1.0,0.0
0.33333333333333331,0.22222222222222221,0.44444444444444442
3.83,3.55,1.89
19.6,6.7,73.8
100,83,-64
1.0,0,1.1111111111111112
1.8888888888888888,0,1.0
0.0,0,1.654320987654321
3.4320987654320989,0,0.0
 
669123
0.33333333333333331,0.16666666666666666,0.5
1.0,0.0,0.0
1.63,3.95,4.8
34.0,46.2,19.8
100,-33,43
1.8333333333333333,0,2.5
0.25,0,2.1666666666666665
2.1388888888888893,0,0.25
0.1875,0,2.4722222222222219
 
726745
0.33333333333333331,0.0,0.66666666666666663
0.5,0.0,0.5
2.18,3.09,3.4
50.7,28.6,20.6
100,22,100
1.3333333333333333,0,1.0
1.5,0,1.0
0.88888888888888895,0,1.0
2.25,0,0.0
 
726785
0.0,1.0,0.0
0.0,0.0,1.0
4.6,3.7,1.68
43.3,33.8,22.9
100,-18,100
1.0,0,0.0
4.0,0,1.0
0.0,0,0.0
0.0,0,0.0
 
726784
0.40000000000000002,0.0,0.59999999999999998
0.5,0.5,0.0
2.55,2.91,2.86
4.5,88.5,7.0
100,-168,77
1.2,0,2.0
1.5,0,1.0
0.96000000000000019,0,0.0
0.25,0,0.0
 
727898
0.20000000000000001,0.20000000000000001,0.59999999999999998
0.5,0.5,0.0
1.92,3.18,3.86
26.1,19.9,53.9
14,100,-73
2.0,0,2.0
0.0,0,1.0
3.6000000000000001,0,4.0
0.0,0,0.40000000000000002
 
717030
0.0,0.40000000000000002,0.59999999999999998
0.5,0.25,0.25
1.49,3.73,6.76
59.2,11.3,29.5
-35,75,30
1.4,0,1.5
0.75,0,0.2
1.4399999999999999,0,1.25
0.1875,0,0.16000000000000003
 
717029
0.25,0.5,0.25
0.83333333333333337,0.16666666666666666,0.0
1.34,4.58,8.25
58.8,11.9,29.3
-26,74,36
1.5,0,1.3333333333333333
0.5,0,1.5
0.25,0,0.55555555555555569
0.58333333333333337,0,0.75
 
714325
0.20000000000000001,0.0,0.80000000000000004
0.59999999999999998,0.0,0.40000000000000002
1.73,3.86,4.16
19.9,20.0,60.0
27,28,-104
3.0,0,1.6
1.0,0,1.0
1.2,0,2.2400000000000002
1.2,0,0.80000000000000004
 
714322
0.40000000000000002,0.0,0.59999999999999998
1.0,0.0,0.0
1.52,4.13,5.67
80.1,7.6,12.3
100,85,100
2.2,0,2.0
0.0,0,1.4
2.1600000000000001,0,0.66666666666666663
0.0,0,0.64000000000000001
 
714324
0.125,0.125,0.75
0.75,0.25,0.0
1.63,3.91,4.81
29.2,12.2,58.6
1,61,-84
2.0,0,1.5
0.5,0,1.0
0.75,0,0.25
0.75,0,0.75
 
714323
0.0,0.33333333333333331,0.66666666666666663
0.0,0.0,1.0
1.6,3.98,4.92
62.0,9.2,28.8
-41,78,30
2.3333333333333335,0,0.0
2.0,0,0.3333333333333333
2.8888888888888893,0,0.0
0.0,0,0.22222222222222224
 
727897
1.0,0.0,0.0
0.0,0.0,1.0
3.81,3.16,1.94
18.8,28.4,52.8
52,27,-42
1.0,0,0.2
2.0,0,2.0
0.0,0,0.16000000000000003
0.40000000000000002,0,0.0
 
697296
0.0,1.0,0.0
0.5,0.5,0.0
5.75,3.36,1.64
19.7,19.7,60.6
73,100,-99
2.0,0,1.5
0.5,0,2.0
0.0,0,0.25
0.25,0,0.0
 
717028
0.0,1.0,0.0
0.0,1.0,0.0
1.68,3.45,4.92
70.7,11.9,17.4
-62,75,64
1.0,0,0.0
0.0,0,1.0
0.0,0,0.0
0.0,0,0.0
 
697304
0.0,0.0,1.0
0.66666666666666663,0.16666666666666666,0.16666666666666666
1.19,6.41,13.27
66.1,11.8,22.2
-20,81,49
2.8,0,1.5
0.8333333333333334,0,1.0
0.55999999999999994,0,0.91666666666666663
0.80555555555555547,0,0.40000000000000002
 
663436
0.0,0.14285714285714285,0.8571428571428571
0.7142857142857143,0.14285714285714285,0.14285714285714285
1.2,7.04,14.17
37.8,24.8,37.4
-5,100,100
3.0,0,2.142857142857143
0.8571428571428571,0,0.5714285714285714
3.4285714285714284,0,1.2653061224489794
0.97959183673469374,0,0.53061224489795911
 
663433
0.14285714285714285,0.14285714285714285,0.7142857142857143
0.80000000000000004,0.20000000000000001,0.0
1.17,7.82,16.41
35.3,26.1,38.7
-7,100,15
2.2857142857142856,0,1.6
0.4,0,0.5714285714285714
2.7755102040816331,0,1.04
0.64000000000000012,0,0.53061224489795922
 
726752
0.5,0.0,0.5
0.0,0.33333333333333331,0.66666666666666663
3.72,3.31,1.99
33.5,15.1,51.5
18,59,-44
2.0,0,0.3333333333333333
1.0,0,2.5
4.0,0,0.22222222222222224
0.0,0,6.25
 
726751
0.0,0.0,1.0
0.25,0.5,0.25
1.25,5.66,10.66
42.8,20.4,36.8
100,48,100
3.5,0,1.25
1.0,0,0.5
1.25,0,1.1875
0.0,0,0.58333333333333337
 
663431
0.0,1.0,0.0
0.5,0.0,0.5
3.77,3.84,1.91
25.8,23.2,50.9
100,41,-40
1.5,0,1.0
2.0,0,1.5
0.25,0,1.0
1.0,0,0.25
 
663471
0.0,0.5,0.5
0.33333333333333331,0.66666666666666663,0.0
1.23,6.06,14.54
47.1,21.8,31.1
100,55,35
1.5,0,1.3333333333333333
0.6666666666666666,0,0.375
1.25,0,0.22222222222222221
0.22222222222222224,0,0.234375
 
687784
0.0,0.29999999999999999,0.69999999999999996
0.5,0.5,0.0
1.32,5.5,8.44
48.7,15.1,36.1
-18,61,16
2.0,0,2.5
1.5,0,0.4
2.0,0,0.25
0.25,0,0.44000000000000006
 
728035
0.0,0.0,1.0
0.5,0.5,0.0
2.88,3.36,2.32
18.5,41.4,40.1
100,-21,100
4.0,0,1.5
1.0,0,0.0
0.0,0,0.25
1.0,0,0.0
